"energetic","enthusiastic","content","positive","accepted"
51,55,17,32,50
41.9364194275859,54.0039043655118,26.7456777103434,42.8940323793098,44.0462914137878
40.0784463318072,24.8956591983132,19.3137853272289,39.797410553012,16.1766949771084
25.3080106415341,41.2519741562743,39.4499809972605,54.6259870781371,58.6799543934252
36.3757198311149,39.0664590711319,38.3482489444681,56.9725291133532,31.5361088600256
51.7080616479593,35.1519927472989,30.4559782418967,58.6960145054022,29.4620018131753
68.0687611144526,33.2272045747703,24.6816137243109,62.5455908504594,29.9431988563074
48.262812421182,45.0462004546273,32.6960363542914,37.968947235675,25.2476647308797
26.3960896679187,30.6383183645485,7.54173990511963,35.1407623220993,35.4189641473116
0,0,35.1823164048402,10.7384910485883,66.5113567165994
29.4063817082055,18.1487420921059,50.792841132355,32.9707916122305,54.3572510363799
13.6413556153939,10.0273650139908,23.5623415174985,15.2948532657446,25.2158391678493
0,2.59158565387747,0,0,3.81186723047698
0,0,0,0,20.4855870636969
0,5.76023215045256,0,5.47222054292993,22.7529169942876
0,15.2951540328657,0,14.5303963312224,60.4158584298194
0.162272851389668,0,13.7295452476839,27.6213633467574,13.4881837213082
2.14947833065571,2.55156500803286,6.44843499196714,15.04634831459,40.8400882824586
0.194953262203195,8.41514021339042,0.584859786609584,1.36467283542236,3.70411198186071
6.67488473987765,47.4658470391299,55.6995389595106,45.3497694797553,16.2424222608021
22.3069400174179,45.9990220226433,44.6138800348359,41.6396213658468,47.5881387038249
2.31237322520251,20.0060851927633,4.62474645040501,4.31643002037801,4.93306288043201
2.54272866170268,16.1524237794324,0,11.8660670879459,15.2563719702161
4.3359617819797,11.724922297665,0,13.7328076436041,16.3968458616244
5.9245711983475,6.64137216528801,0,13.4150857603305,14.490514561983
7.5131806147153,1.55782203291105,0,13.0973638770569,12.5841832623416
20.5465828607668,10.7199562751827,17.8665937919711,16,13.3999453439784
6.08980665436282,3.17729042836321,5.29548404727202,16,3.97161303545401
0,15.8657863145296,8.59735894358888,1.70132052820556,41.3894357743555
0,0,1.34500188127679,0,0
0,0,51.8864919100769,0,0
0,0,0.511956253501708,0,26.810646317198
0,0.261059222448557,9.13707278569949,0,0
0,0.739773308705906,25.8920658047067,0,0
0,0.21876647337483,7.65682656811905,0,46.092778070885
0,2.84401709402983,2.50942684767338,12.4905731523266,0
0,11.269078144083,9.94330424477911,5.05669575522089,0
0,7.03274985884803,11.4821470090052,1.17261766366494,0
0,0,41.1563612343963,39.6464716890493,1.56860298704372
0,0,24.2172292646603,24.2172292646603,1.48434458529321
0,0,0,0,12.3090797293154
0.267670704637255,0,31.8632543921471,0,38.5202808397157
0.583159996669622,0.416840003330378,45.4864797402305,0.416840003330378,16.911639903419
0,0.768700305228811,0,17.8848777182968,23.1299694771189
0,1.69404125303933,42.2710466004863,79.2556531700763,63.525668449149
3.93258185209172,38.2022544437248,38.9172693259233,7.7926413808857,32.1246279450376
10.7398362330028,16.8699181165014,18.7658526097025,19.5056888427053,0
1.47170868343777,12.9958294428131,11.6247743540634,2.36271397437578,1.49374416421961
13.7337351492575,36.9729237902685,65.6250478122591,54.6630310054976,42.3098927847709
1.57703853959051,6.90109533477651,50.9090466531885,58.501987829603,8.39910750517352
2.39548497363336,4.69390400222129,60.7760717846243,44.649209514294,47.2686227033031
6.71973365619021,19.2391041162762,66.2796610169694,49.759685230043,51.1997578692638
11.04398233871,33.7843042302064,71.7832502492673,54.8701609457482,55.1308930351909
12.7684371046425,22.1334804191399,32.5884948573057,19.1526556569637,20.9808247621762
13.8855118371245,9.46739443440304,12.623192579204,50.3354974388705,0
3.28818380935005,2.24194350637503,2.98925800850004,72.9752436800249,0
53.1367102398181,67.85947712417,73.3099128540283,75.648692810425,23.8632897601819
0,67.2248108346974,57.3779121890346,4.66959130728397,46.3255674959077
0,77.7823971693637,69.2551968155341,44.920389208199,14.652808491909
1.66763386958027,16.8367185435309,33.0528695777215,35.6455514938307,65.6455514938307
60.0464698700144,0.123919653371755,20.8760803466282,31.7521606932565,41.6979458449064
64.0112044818041,10.696545284811,10.303454715189,10.606909430378,15.9271708682731
69.4764642699321,19.4764642699321,19.7749731472112,16.5132052821772,25.5970177545583
77.204924760752,77.6254445964237,98.8186046511997,72.7915184678588,64.5830369357176
30.5140036434116,82.6509020391377,74.8848798260544,81.7902920608809,86.3478521478537
49.7974966209252,66.6343068696402,73.832637950257,80.7753129223844,99.6916318975128
8.24957547780763,25.0204206034241,29.2183785430817,29.6454913571228,75.3749292463013
37.0914790785992,53.0611602153048,54.4550441937743,52.8792470355383,80.1819131797665
65.9333826793908,81.1018998271855,79.6917098444669,76.1130027139537,84.9888971132318
80.5514322517127,77.0685763356169,83.2428387414365,81.8971354965746,91.7256946575323
53.6499200537481,63.4772363880673,95.1481949002958,82.2345367331362,90.7817891104539
37.5016978221361,53.5530783742464,91.8279197392334,59.8133767790697,83.908386211671
24.9734393756856,77.6027911164773,85.4978991596787,69.3104741897533,89.1790216086403
0.6338866124961,82.7760724124337,86.6066393499532,94.338866124961,88.3661133875039
0,71.2371615313485,78.8580765639718,87.627450980426,88.6984126984401
0,63.1191476589631,80.8221788715197,78.8900060023659,82.3391356542312
22.9478531137231,81.7144008288971,83.3572004144486,88.4902728214656,92.6038908714138
71.2415793713043,53.7548751008238,69.3774375504119,85.31305398873,93.874778404508
23.4850740298203,58.0418567424161,78.1855942375319,65.6586634652955,79.4610644257069
0,74.4586796044425,82.9359417800087,77.917359208885,77.3119805933362
0,75.7400993546619,77.1695529040217,80.4801987093237,75.3898509680072
0,83.0961817562961,79.1538585583538,77.8461414416462,86.8269695938269
8.62645703443062,73.6287611818869,81.9605584169161,75.0394415830839,86.4709948495511
19.5998192825454,59.1638745820992,84.4545043823967,72.5454956176033,81.981892111686
0,66.0550366069626,70.4110073213925,48.6990658925327,68.5296642262025
25.598307098313,13.615236115183,39.9725274724838,75.6257796258292,46.008464508435
23.1873198343868,35.3141214905187,57.8138332255376,55.3734866088492,58.0634008280659
29.8068790310852,48.9953097515328,74.4003126832311,34.7982802422287,61.5942153602238
51.0257017699962,40.8375379940043,76,36.8688986233363,34.7948596460008
28.8189701411952,66.0051671733121,76,54.1408010012926,39.236205971761
0,27.5739814913223,62.1658334219003,65.5620678651517,35.3962344432514
9.38844727080864,25.7823706059007,46.3021256550734,66.654713537059,66.6960489901655
26.1046256340302,27.1753854695025,59.3035977153568,51.7958883253065,64.3743575508291
5.98245289315211,4.65301891689608,67,30.49268870548,36.3177359050241
0,6.05200820482309,9.07801230723464,57.3380533313501,15.096936412621
0,3.63608998553562,10.9090224963839,31.8157873734367,3.27293251084828
0,5.4159310782323,24.081420803404,3.79115175476261,8.16637243129292
0,9.26088935573896,65.5644257704417,58.737745098273,60.9986344540119
0,4.56357564858474,38.5368610324934,47.9167736962777,40.0580529153549
0,0,5.00090945472277,11.9989086543327,15.5028193096406
0,26.11118293481,20.9576599871501,5.84065934068117,32.3933419522567
0,61.5448761867538,63.3231448985574,15.1931095233442,64.0286217648521
0,39.9334442595938,66.7964107439938,12.4916805324492,41.6453529831508
0,19.2066782660421,63.653426128337,13.1732869358315,20.8413356532084
0,16.8977104054317,50.8748144597492,41.3862624325905,40.8748144597492
1.49913129793105,24.4224373288966,83.8756515265517,56.6269545796551,75.674609084069
0,0.686666274959947,67.4293353702083,20.137333254992,25.1073338425521
0,7.9532372534378,20.0233813732811,21.1812949013751,13
0,3.14625331997254,22.4268733400137,19.258501327989,13
0,5.34201680673493,54.7165966387259,19.3355042016837,4.31922268905573
0,1.01718033720145,21.6776655616381,8.08453769651869,2.03436067440291
0,4.29081442033058,17.4219412535702,5.13826702170248,8.58162884066117
0,7.56444850345971,13.1662169455024,2.19199634688626,15.1288970069194
0,8.28386846069885,11.7161315393011,1.88774469323126,18.455481614629
0,1.5804876864301,18.4195123135699,9.26146354492689,12.4224389177871
0,0,12.2319796444094,3.23197964440937,18.0618366869006
9.03937575033733,28.7920857232967,39.4660441955814,26.1137521676412,36.4004179450192
22.2929171668916,71.0070694945435,84.1353874884123,64.4017607043534,58.980525543593
25.0398030771913,61.3015187726108,91.7671729242036,74.4716455389444,68.1761181536852
22,23,79,69,70
