"energetic","enthusiastic","content","positive","accepted"
67,50,69,72,88
41.7523260964288,26.694949047433,19.7660611430804,58.5389898094866,72.3830305715402
64.2874144460242,37.7472775596628,40.2722205236789,60.8199543712129,76.1149657784097
72.1499165040007,58.1897829104017,65.9563939130688,65.0132888021337,79.2599666016003
60.9653622422808,65,71.2288471708054,65,76.3134584875837
49.9547005684522,68.5686851789513,67.0521913684144,63.2156574105243,76.353027768427
45.1486811765625,49.6160589858836,47.7845035091864,43.9058960649784,47.1016292090517
12.3975726556188,20.2529961740031,26.8915549699637,19.0602275318488,1.92768642154321
64.0171471641438,0,69.0228628855251,70.4914264179281,32.811381194418
29.4361760910977,0,64.1232271136416,58.848406704624,8.13298950034581
23.1453689096141,2.31828886298233,34.3259025538261,33.3534535975802,0.927315545192933
21.1071861353102,4.86601733086221,1.7149781649637,7.36662322520544,1.94640693234488
19.4513147761091,1.12828694027276,18.5842226866908,1.35394432832731,0.451314776109102
0,0,25.1926446352161,0,0.124208517659068
0,0,12.6278948737831,0,2.05724694249491
0,0,0.0631451123500817,0,3.99028536733076
15.6156813292122,25.8054298647568,55.1926414953637,32.6911950154542,42.1180921290615
2.83659016393026,19.8561311475118,24.5837814207289,32.1480218578762,28.5097704917908
1.37521311475436,9.62649180328051,11.9185136612044,15.5857486338827,24.1256393442631
0,0,0,0,17.779280040682
4.36721311479245,0,21.8360655739622,0,24.0196721313585
0,0,18.2351230072352,22.4217647191911,16.2397005434705
0,0,44.3670372290876,50.0612893769196,34.3310257739837
16.5722315150053,0.199665439939823,56.817062563069,67.4110404819858,56.788624957954
28.2634369133915,0.157899029436792,71.5786640571717,62.8946252346434,80.6315961177472
44.1402870516117,10.5936688923868,0,56.4995674260629,62.6792076132886
19.4214601034402,4.66115042482564,0,24.8594689324034,27.5784733468851
6.55058454721572,0,8.73411272962097,4.36705636481048,9.66991052208036
21,23.081211755023,59.9586008915703,52.1727732871535,63.8463398052251
0,0,0,35.9953935781239,0
0,0,0,15.8662331211556,0
0,0,0,1.07206423551858,0
0,28.8020176545168,26.1018284994058,25.2017654477022,72.9051071879955
61.5293865970858,0,22.4606377229586,61.3819131688757,71.0869663124556
25.8982840931405,0,10.4163213835968,25.2489641507903,33.9503242660901
3.69728383158936,0,0.921086467364255,0,5.84217293472851
0.184426229510988,0,68.8176229507866,16.4774590163855,63.1249999999716
5.79651850601242,0,16.5614814457498,12.5157777831375,31.3786667953008
2.03008281221914,0,5.8002366063404,14.1299645090489,70.1191482171745
0,0,18.0953800298622,4.56035767507947,42.2816691503709
0,0,31.7694762801702,36.4615552009207,64.6921514580735
0,0,52.8739355266174,29.885267906349,31.4178457477002
0,0,19.0366817030491,10.7598635712886,11.3116514467393
0,13.5317292437919,43.8170280275165,49.6163405605702,0
62.7891464107338,69.5771622389212,79.5455059355703,69.8485019785234,94.9089881288594
0,0,58.7526457769347,52.6484747871233,76.3021373726424
0,0,19.1865301698516,17.193124437919,24.9175716491579
35.9122763107751,35.9122763107751,35.9122763107751,35.9122763107751,35.9122763107751
0,0,46.7117332839787,22.7513968195213,0
0,0,71.8592038777084,19.0424126025523,19.2671651006244
0,0,67.7828383291006,5.79422456957694,55.9544550380946
0,17.9862704917292,26.6015027324027,17.9862704917292,85.7038251365556
8.39882819445985,0,14.5579688703971,13.4381251111358,31.3556252593168
0,0,0,0,0
0,0,0,0,0
0,0,1.56206088974362,0,1.20501840065937
11.5244650232883,3.00638217998825,27.9851082466941,15.532974596606,13.4712801900529
15.2354994692619,3.97447812241616,13.9106734284566,20.5348036324835,10.1276093879192
3.14496992572034,0.820426937144437,2.87149428000553,4.23887250857959,25.8978653142778
7.69079445091578,2.92055485477814,2.92055485477814,2.72585119779293,9.73518284926048
54.0373184057594,14.0663734504847,49.1203518594184,37.5601759297092,46.8879115016157
20.3551673944687,0,41.9825327510917,38.3580786026201,0
3.33767628325009,0,6.88395733420332,27.1903500608829,0
3.61041465787327,0,33.341176471009,29.2952748315475,34.8511089683982
27.3136612021734,0,28.5721311472711,70.01475409837,44.8672131146703
15.0230722525973,0,28.7088879547454,55.3789874363885,51.6210125636115
1.49180327874643,0,64.0983606555863,36.1229508197545,70.8770491802455
9.57434682392826,0,0,0,14.5141521515325
5.82454776707394,0,0,0,0
0,0,0,0,0
0,0,0,0,0
0,0,12.5262715425926,1.49474569148148,0
0,0,0,0.851987262652647,0
0,0,0,0,0
0,0,0,0,0
10.8563934426308,18.1436065573692,28.2276721311569,17.9159344262123,11.1138360655785
15.8796202698651,6.98905638816955,26.7811277633911,23.803014987052,15.1094361183045
10.4925064826885,6.4993187711535,16.98637542307,14.987737880763,20.006812288465
5.10539269545336,6.00958115413212,7.19162308264247,6.17246077437823,24.9041884586788
19.1943793910936,29.3676814988143,36.3887587821872,21.7259953161529,26.4683840749407
35.978801582805,4.59355568145884,68.9682023742076,19.1695873375597,11.1801865461571
22.5413439019368,14.4678436318269,48.5627814807189,15.510718789391,15.9846874437271
9.00794833583749,24.9910581221828,28.0129160457359,12.0059612518781,21.0029806259391
19.4806224975352,17.8604668731514,22.3953312684863,9.93797688301075,20.2790662536973
4.32875022033103,11.4739996474704,68.1727481051532,5.19725013219862,81.7124977966897
6.78402080029036,7.54556671953543,47.0574211175029,6.67041248017421,57.1597919970964
16.9782327733099,8.87558669480051,25.1928440242058,17.1601931841707,33.0793143323513
24.3678105031535,61.3992775769557,61.8651014167373,72.711030841884,69.4430397329694
62.7523056651973,76.3758612495114,77.5479168014721,70.2361390093151,91.6558888960785
33.3899868247066,39.3119505820067,41.4467051123442,37.9857232336941,89.730490939325
18.8491166639097,18.7467770172361,21.2081808052402,20.6695845932444,88.5385962119959
37.7616645652005,25.8205128208864,27.4985287939721,66.4489281211144,28.9134089958294
9.84643167053226,27.6946691995242,38.9286334106453,13.9250216937258,17.9250216937258
8.80109758671545,18.8093294870814,18.0219517343091,6.60768310700818,10.6076831070082
7.35576863594775,11.3557686359477,3.61057841013063,7.12019795849638,24.9711722856198
19.1973038194547,6.2293417658701,33.3946076389093,65.2478988095588,73.5986519097273
25.2566421706786,22.7914075748674,62.5079140756493,33.3903335217258,76.9731486714606
10.5588844921854,10.1933295647303,25.2385999623272,19.2174957603216,37.6041548897823
8.14949840952211,8.67286518222064,5.28969904571327,11.9065329092059,18.1962319549192
9.89312492053022,17.7448214512771,9.12758927436146,27.9585716102166,15.4034820179761
8.70200768513532,17.3180691662179,11,21.106023055406,23.4670653236502
7.68857006434759,8.19713057912834,11,18.0657101930428,14.8528455469545
10.7605654985168,5.22334185587157,24.4305910661315,19.2233418558716,42.8450894866515
23.5187731358313,25.7433897407786,15.4652300370316,26.1390798518735,33.0375462716626
12.2912246865969,8.83317261330797,19.2497589199619,18.7078109932509,20.1639344262354
17.6639344262142,10.7868852458961,22.1803278688441,25.0573770491622,53.3770491802331
8.22648416344788,8.63854846406523,12.5710647778218,14.209613241887,43.7469361765871
13.4295615087357,8.71824603494267,12.8521924563217,9,13.6582033854028
27.5047165491061,16.2023765912602,24.4785007784153,26.554698232399,51.7070931403664
54.0380987268808,18.7536633391232,65.8093460937952,63.8034847511981,80.791762066004
86.0682502510596,68.8147206427126,81.4236199397457,76.6608899297033,97.2881900301272
58.8431132219291,61.0159338133357,80.2239926459262,72.8447985291852,93.6719779377786
12.1061550134362,20.6703837399229,76,60.3519186996143,67.0223024395372
18.2550065527457,16.0587450854407,76,37.2937254272036,39.3524705126443
41.1063177069261,15.9712076183261,60.2303390533913,41.9811778992782,49.0775253252521
56.694346560496,22.5713191358843,32.9388693120992,64.7449057760083,70.7554772483968
14.9004848764536,29.809466635901,37.6322789193319,68.060678827035,50.3725698452041
20.046178711636,24.1492034172004,61.817039944689,75.2646501962903,77.6447471716706
66.83547588168,35.043047529216,71,76.369619058848,93.706333294032
58.4305932304556,19.2532138224128,70.1866965443968,77.6931241892225,82.1108621300267
27.5837617615624,12.2918808807812,57.405955960941,55.9516926957834,55.0328838879716
28.6646619458758,12.8323309729379,30.3834513531046,39.1977398389249,32.8744301095458
24,11,26,33,15
