"energetic","enthusiastic","content","positive","accepted"
22,27,25,50,9
20.0670355314646,36.6648223426768,37.242108300724,23.5828189300166,10.2886429790236
30.5374887082635,36.7312556458683,35.1791629027545,63.3875338752095,47.6562782293413
34.8868055555224,34.025154320995,65.8993827160199,35.0943287037313,47.0188657407463
22.9990740740299,36.6668724279934,55.3325102880266,45.0007716049751,49.000154320995
29.2839400833377,37,40.4921628111187,28.1514347111135,29.7349892555515
19.3058361393434,78.7901234564958,87.8448372613501,30.3013468013869,31.1964085296348
26.7371412967762,47.2995978552918,47.1865380797139,42.481630423966,46.3538749875609
39.1953551912405,34.9948391013784,12.4061930783459,54.796903460827,30.215998785727
55.9196296296296,30.2992592592593,64.4744444444444,37.8759259259259,35.3285185185185
37.1798163709687,27.3353563647644,41.1798163709687,30.8922606079407,30.7784521215881
38.7706368731103,36.6665299986855,38.3956881236033,38.6665299986855,38.7498974990141
40.7055555556218,38.1287878786976,38.7974747473363,37.8712121213024,35.4969696970419
38.1592070943985,39.2356937924013,38.8407929056015,39.7898017735996,41.025495566001
38.5221954806474,44.1133172883884,37.7733654232232,40.4088781922589,43.7044390961295
53.2068470683632,52.4701722016194,37.5234727346443,51.8902214020821,65.7836203360323
62.420153580936,59.1400511936453,48.2702815650492,62.420153580936,58.4692576921429
61.8160931453924,62.5471254836861,61.2781578219797,28.0666804865522,46
48.0133614627286,47.8909985935302,57.4149085794655,52.8298171589311,46.0956399437412
46.407042767104,47.305282075328,52.694717924672,50,52.694717924672
46.9315287782698,47.8520701447888,52.7616240995572,41.4082805791554,42.0219748235014
37.9379084967098,42.4844771241774,57.4534313725323,31.7949346406286,33.7949346406286
36.5175340570481,35.2720572583748,56,39.4473978288557,35.7545232013268
36.4054767533566,33.7561859731471,44.1095350671322,37.4054767533566,24.2438140268529
46.5564444443226,38.2275555554867,30.7208888887405,38.6959999999523,35.4302222221851
55,46.7568117068031,49.5869981869784,51.1236855736646,44.4402486402338
44.5655634358081,39.5655634358081,44.1104018912924,75.5723404254812,50
39.1772540983607,48.2909836065574,47.6782786885246,34.5645491803279,59.4354508196721
50.9440559440726,61.6480186480242,61.0657860657885,49.4605024605197,59
63.4547541238681,61.3654100528785,55.6391806722188,61.3642623716042,56.5463935574063
64.7408716136912,55.852179034228,44.2226148410736,58.3704358068456,50
48.9874719622568,58.7715547896206,45.4443623830156,40.5121587613133,41.9196755839592
44.8508430607124,59.0850266608128,35.5319210260913,45.6805015127946,49.3827640868037
59.9585818422955,41.077921360822,36.3471393859015,76.6735696929508,72.0414181577045
57.0883900005449,40.8509299929169,47.0277099940066,68.7955100049037,71.2651700016346
55.2337706710433,53.0844266776083,45.5909867432578,59.3831146644783,58.4221333880413
59.6531862745098,46.5723039215686,69.2254901960784,65,50.2487745098039
53.3884728931747,47.6115271068253,60.9784084809402,58.5251610305862,43.3813338701218
51.3430674264574,45.0262741372796,59.1372269705829,53.2058404558744,63.4934314656801
53.8864688550734,63.3988846801598,55.9168771044473,70.2022306396805,61.8089225587219
44.3017968464212,62.5600083817631,59.5418303734736,57.7527371784473,45.9163392530529
53.5167181072412,50.5122599453102,54.7394118654139,51.995541838069,52.27842078231
31.2239558519921,34.1866298766601,67.9921986660357,57.2534804933598,15.3437351119524
31.5637671377899,34.4698059481582,66.4630478799457,56.1207762073672,17.3826028267391
31.9035784235876,34.7529820196564,64.9338970938556,54.9880719213745,19.4214705415258
32.2433897093854,35.0361580911545,63.4047463077656,53.8553676353819,21.4603382563125
32.5832009951832,35.3193341626527,61.8755955216756,52.7226633493893,23.4992059710992
32.923012280981,35.6025102341508,60.3464447355855,51.5899590633967,25.538073685886
33.2628235667788,35.885686305649,58.8172939494955,50.4572547774041,27.5769414006727
33.6026348525766,36.1688623771471,57.2881431634055,49.3245504914115,29.6158091154594
33.9424461383715,36.4520384486429,55.7589923773282,48.1918462054283,31.654676830229
34.2822574241693,36.7352145201411,54.2298415912382,47.0591419194357,33.6935445450158
34.6220687099671,37.0183905916392,52.7006908051481,45.9264376334431,35.7324122598025
34.9618799957649,37.3015666631374,51.1715400190581,44.7937333474505,37.7712799745892
35.3016912815626,37.5847427346355,49.6423892329681,43.6610290614578,39.8101476893759
35.6415025673604,37.8679188061337,48.113238446878,42.5283247754652,41.8490154041626
35.9813138531582,38.1510948776318,46.584087660788,41.3956204894726,43.8878831189493
36.321125138956,38.43427094913,45.054936874698,40.26291620348,45.926750833736
36.6609364247538,38.7174470206282,43.5257860886079,39.1302119174874,47.9656185485227
36.9754774305969,38.991825810199,41.9468677662934,38.0122612847015,49.8978226274873
24.3164983165385,35.0904280904396,34.7287157286813,49.593073593022,65.1010101007693
23.1281784558594,26.1281784558594,50.0654440848959,34.7236348692708,67.2136307597656
17.1925566343097,20.1925566343097,31.5990650845191,32.0855807263599,57.3209277238495
22.9839901477833,27.4195402298851,34.1128899835796,31.8871100164204,79.0968801313629
36.5280151946932,33.0062255988207,34.7608947979362,44.9688720058965,75.2515563997052
48.7205603039163,35.715680067537,39.5024401181897,31.4215996623152,75.9289200168842
48.7344935297168,48.7344935297168,58.3107987506482,38.9491298527124,62.1470325749402
47.3670033670528,48.1835016835264,43.2531986531789,49.9303030303475,52.541245791184
60.6679616679123,54.8339808339561,37.9328153328351,61.901165501121,35.9150479151097
39.727602602537,38.1736736736498,38.3473473472996,51.8592342342879,51.5118868869883
41,39.1981224279823,30.5755915637701,27.9906121399116,71.7831018518408
41,39.8585519547319,39.1611754115147,31.2927597736595,77.7269675925871
34.5574712643678,34.3627873563218,32.1415229885057,35.2212643678161,62.0883620689655
36.0045528954344,34.5159351340205,37.7647969101619,39.0136586863033,65
33.3774299160991,25.3210047063467,29.226647227322,31.1322897482972,65
45.5649250439393,47.7993827161966,35,53.4350749560607,46.9218474425809
54.6798756798164,34.8199948199924,46.5799015798546,30.7200207200306,59.0398860398317
38.718725718785,34.1549469049494,33.9439911940381,33.3802123802025,44.4088319088862
41,51.5729771582507,45.5156794424256,57.2291908633003,48.7448703057259
43.2524536391182,41.2673433545244,42.4802030063573,43.118781961856,60.5891704117404
51.8739604318325,34.6354150524365,40.490624515731,55.0562529056142,36.0510356940152
54.7463541666667,38.2244791666667,37.7609375,44.565625,44.9270833333333
42.3793230316497,35.3793230316497,40.9517292126599,41.2207014962064,68.3034338974637
51.8265268580014,44.8265268580014,44.7306107432005,50.0380917341346,57.5966028942651
45.7705868707569,53.2739503595675,52.5924379494593,54.3184875898919,55.3184875898919
57.8351630808504,50.1867938893543,57.1648369191496,59.5274462127559,68.5274462127559
57.2045141958958,43.2496561548543,57.7954858041042,50.0677129384377,59.0677129384377
50.6498347789234,41.7921313506963,51.0393432465185,50.0655720775308,47.2603263113283
44.6688122605291,56.0557343550441,56.0557343550441,58.8327969348677,75.0525159642505
48.6040613026783,56.3836717752232,56.3836717752232,57.8489846743304,69.4775798212057
52.5393103448276,56.7116091954023,56.7116091954023,56.8651724137931,63.9026436781609
54.5586014976614,55.5586014976614,55.6212709977631,54.9346184982715,58.9373304998983
42.6059097348493,43.6059097348493,44.188261485508,46.1000202388016,58.4176482493413
36.3065393518988,33.6109953703649,34.6109953703649,37.2494791666418,59.9450231481757
46.747228273961,33.2778746066582,35.3234083757421,33.4851125636132,68
29.3429678044704,40.1152626482438,47.7550229968069,52.1325344952103,68
38.2770303936639,56.1390134531286,34.5231689088548,32.5231689088548,39.5695067265643
56.8558709280431,39.1441290719569,41.8647744317416,49.7117418560861,37.3781296872895
55.8683127572026,40.1316872427974,47.7901234567846,47.7366255144051,53.6728395061577
55.2278439153439,45.1011904761905,49.5823412698413,44.1772486772487,64.8101851851852
57.7464544434083,50.2665034180064,55.3130802979099,51.3997551270096,69.1798285889067
40.7171972247414,37.1670747882626,35.008965921807,31.7506121823939,55.4254285276757
43.408637152814,44.7664930555349,37.3502604166977,41,54.1167534722326
30.2715061728583,35.0678765432146,33.1357530864292,33,34.2375679012511
35.3436049382528,36.3359012345632,35.6718024691264,33,38.6756543209712
38,37.9436342592537,40.774537037015,41.4927083332837,62.703587962836
41.6340769903866,39.7560513269244,38.6747351025659,36.5692135705097,44.2439486730756
36.0178258967681,36.0118839311787,33.6825119082383,45.3056041605829,47.9881160688213
43,40,38,43,55
