"energetic","enthusiastic","content","positive","accepted"
3,21,7,0,50
18.4845350978322,12.7018896240968,16.0682993383129,34.5962207518065,31.5154649021678
3.47417968485477,6.44757486868949,21.6971826181795,47.104850262621,46.5258203151452
21.1782560232582,10.1163079825563,21.4728200290728,19.707965360468,22.707965360468
16.9276619762852,10.0657618397407,2.15782841537776,18.0197285519222,8.09206657563703
10.3088049984157,16.0829045468948,16.5989709125476,19.8248713640684,16.5160663656528
12.3357357832335,18.09927926503,22.1985585300599,25.4350150482634,16.9314113734132
15.8640310975127,20.3913654784537,19,28.7064758911597,24.9021586303866
23,19.6818284594724,19.818184102105,29.9545397447375,30.5000125615774
23,24.8643352426829,20.9698522761518,27.0753693096206,36.8341875188346
21.7095765064617,22.483517772616,24.9356352403074,23,24.4191530129234
27.8073614133928,44.4134809883925,9.46749455892876,24.2294456535714,32.1926385866072
27.2204839329143,27.3940340545134,20.0312892075434,21.881935731657,32.7795160670857
48.6015361915233,20.3813992204936,23.2542661469958,26,20.6356653674894
31.1484129376858,32.5371032344215,31.6528274258161,26,33.2314483827893
25.3491629308478,32.4535116379177,23.8026745687655,24.9070232758354,26.9886280170947
21.5562446898764,31.5739592183539,21.6864485981067,27.8343670348146,25.4083262531685
33.908215929679,47.741491142716,32.091784070321,29.8188380527407,45.6328637187161
29.7023883696839,76.5090342679951,34.0267912772629,32.9732087227371,35.6220145378952
27.3222741432985,42.5924065420032,32.2417056074738,34.7582943925262,38.5971573208769
32.7808287155312,30.5616574310623,32.8904143577656,17.2876519726617,32.5205524770208
33.3326331742458,32.4661065393966,30.4004200954525,20.1355738424136,23.8008401909051
30.2855452599544,30.0284362079635,32.2286728440274,29.8862551681461,27.4573456880548
25.2042215983677,39.7374293735272,29.0291745140525,28.2042215983677,28.0291745140525
33.6252906849313,31,32.437936027397,31.7494186301373,30.6252906849313
30.3495327102898,32.0429906542029,30.3925233644927,20.0485981308694,31
24.0027258566684,24.6742384907456,25.0027258566684,9.33393907925965,29.0018172377789
27.0065463628637,23.0196390885911,28.9639950042496,33,33.9967268185681
31,33.2944238850894,24.0557611491056,37.8324656589133,33.1370507432737
31,29.8440569528797,58.5594304712027,47.6085053001741,35.4372953647468
17.4938003146412,25.8674932913812,26.6625335430942,16.1563338577354,26.2287868974036
13.8512469080155,27.3234164605344,25.5278304474811,13.3195761187028,25.8214962896186
20.4694842006839,27.7646322800456,31.7048519206383,28.7621298015957,33.7633810408206
33.8154622830805,30.676944259022,35,75.3695343793148,29.9691672229341
29.6866805620759,24.5021851677975,30.8111342701266,41.682310226481,37.631009211443
31,23.2519796341293,40.6567307560396,42.7936651707863,29.3511877804776
40.3575631709746,26.2227991231184,43.7616245526836,30.2124149069865,30.3316026306447
33.5218243551314,27,33.6640064405294,29.5612377051855,54.019706675027
66.5505927094133,32.6775296354707,60.3567686207367,34.8387648177353,45.6758202856753
48.0042480884004,31.75021240442,44.1287170773504,34.37510620221,59.1219201359097
33,32.7409027639856,30.3036388944058,34.6963611055942,57.4655000993039
32.710270536155,34.5513526807752,30.4486473192248,32.2335169700154,32.5513526807752
32.2593015248399,32.2965076241995,32.7034923758005,26.3709198229187,30.2965076241995
64.1324903796701,31.7140553417704,34.7140553417704,24.4281106835409,43.9951621771794
33.8577177636564,36.0711411181718,43.4979878272026,40.3597299364538,39.7825522998898
32.9247553676765,37.3064334742426,31.0027274724744,44.6183218934339,36.4569227388896
28.1842789002309,40.8617908248268,23.2994532128752,36.3224880754041,49.493233024365
41.9767316640323,32.622091458004,33.0046536671935,36.1244182916008,33.3732548748024
36.5828308712731,39,34.3742463069097,35.9570771781828,38.4171691287269
35.4311626972157,39,32.6467440458235,33.0779067430392,39.5688373027843
29.5501828525534,36.8927265338904,34.8927265338904,34.2352702152274,34.8927265338904
38.6506088033209,35.4337392022139,33.6771131224353,25.1373566437637,32.216869601107
45.4080308971596,39.938687264773,38.6325559912503,32.7957683501142,34.4693436323865
38.0369953853461,38.4426649087033,38.5819986815275,37.4303331135879,35.4303331135879
37.880195369353,37.7200488423383,36.6405861080591,33.9205372657209,57.8814164278096
33.4354960706717,37.3911259823321,26.4354960706717,24.8266220530038,36.6088740176679
31.084765970538,37.9788085073655,24.084765970538,23.0635744779035,36.0211914926345
54.853255320547,50.7106337859684,54.2827691822326,52.1393230186791,52.8540799495219
65.0281266336118,41.2739223011302,60.7129323864373,56.9868546875676,61.9868546875676
48.0783363720405,42.4428733536524,46.6855197561714,44.1283931098238,49.1283931098238
36.8911853102335,36.0518753344092,40,45.7823706204671,38.7617028283653
34.7679641231076,43.2649686760955,40.7679641231076,42.3038923693227,58.2320358768924
36.5849845138369,38.0566563425579,39.4150154861631,46.6982971989528,58.528328171279
40.0255993498644,38.1897602600542,42.8614384396745,44.7334416903526,55.3539211702441
40.00589343001,37.603536058006,39.201178686002,27.01768029003,40.402357372004
41.0679008399739,39.7067900839974,36.7746909239713,38.1203702519922,40.533950419987
35.2071544548936,39.1207154454894,30.3278699003829,36.3621463364681,37.6035772274468
36.2478694058988,38.2507101980338,46.2336654452238,33.7521305941012,68.4701716825826
23.9597488008899,38.5100627997775,31.1224843000556,35,72.2231122978308
33.0268506156074,36.2432873460982,31.6891781634755,35,50.122051624457
37.1820750429733,35.4089624785134,25.8655628222996,41.1344371777004,48.224061962834
36.607591073805,39.6455464428298,29.1518214760994,44.5316803357553,49.0254053024856
38.8232119277453,41.5441970180637,47.4834685845358,41.4558029819363,36.3535761445093
44.2884786909711,42.1838523287496,58.6846085236115,44.3677046574992,37.3931050531927
37.2170917156052,28.6449390148039,62.9987327735976,35.8594962776044,34.0038016792071
27.1026044676299,30.5099535699423,51.715162505202,37.5099535699423,52.4984656158964
18.88131438936,34.1638602713956,38.9264890501155,41.1638602713956,74.8786441622978
28.0998300764793,36.9587935429081,26.8589634664288,36.776550552245,48.6593033134702
33.7249143217455,36.8996572869819,24.7508567825452,33.1747429652365,33.6505140695271
33.2587330804513,35.0349323218051,29.4126691954872,31.7761992413538,36.4476015172923
32.2132949388667,33.4755299592444,30.2954723675444,29.5577073879222,36.8199424083
30.4453971641264,32.2969314427509,26.4650271889405,26.316561467565,34.1680957461896
28.6774993893697,31.1183329262465,22.634582010301,23.0754155471777,31.5162490840545
27.5920687041841,30.5920687041841,18.5066094131799,21.3814936430963,29.6907468215481
37.2918628346651,37.716745133866,20.0086079685312,32.283254866134,37.716745133866
38,34.7335618512052,23.4498286115961,34.0415238429968,37.5916952314006
38,31.1521987519419,26.1358509360436,36.2798757800363,37.1440248439927
39.960764502763,39.5686621201647,36.7058600656084,43.1175801968252,42.8626757596706
37.8477245022421,36.8096556278027,66.2576569484304,30.0190344372197,49.714483441704
33.1909792767055,30.9887240958818,43.5560239739392,30.6011275904118,40.9830861438228
30,27,27.4261682243043,25.2616822430428,37.2953271027829
35.2523364486059,32.9088785046816,51.9485981308778,26.9088785046816,55.4135514018933
36.9259766159696,33.1359376425856,52.1117193916353,30.7160155893536,52.9017583650193
35.1334219684827,28.3557919159539,30.6010636217923,31.9110520210115,34.3786936743212
29.4246518784897,23.243140787357,36.6061629696224,34.2123259392449,37.1215703936785
30.4208843773718,26.9100388355587,77.5180759030218,27.4963848193956,37.9028084743499
27.887992548617,30.8902974236018,66.6628252083587,29.6674349583283,46.2251673402584
25.3551007198858,34.8705560116081,55.8075745137962,31.8384850972408,54.5475262060896
28.016430509507,37,29.1145613505635,35.4098583057042,38.9178474524649
30.2077481888132,32.974172703956,38.0903955361539,36.4025827296044,47.6878128065495
31.5706980109215,28.4310066302617,53.9914767940839,36.8568993369738,63.1345774571101
9.46417775841811,27.2320888792091,27.6189036778908,33.1160444396045,35.2707703590772
14.9159770468007,29.9579885234003,34.8879693957343,34.4789942617002,38.4509866106337
20.3677763352338,32.6838881676169,42.1570351136451,35.8419440838085,41.6312028622197
25.6376120541534,32.2270646576411,39.1353232882055,36,57.4587068471779
20.0645839284992,29.4187446435076,32.0645839284992,36.1291678569983,37.1937517854975
20.5322919642474,25.2093723217733,32.5322919642474,37.0645839284948,38.5968758927422
21,21,33,38,40
