"energetic","enthusiastic","content","positive","accepted"
48,65,67,70,60
19.9319426336272,30.2722294654913,37.5905606258439,55.2156975228338,74.2617992176952
14.2693611473065,52.9225554107739,53.4457887875417,64.8420860495789,54.4427640155728
16.6232258064345,33.3620645162453,51.9274838709917,61.9274838709917,61.5943225805905
25.5092329149189,26.3819246861891,25.2730822872971,31.6180753138109,32.0738633193509
27.9322175732218,28.1991631799163,31.3305439330544,29.8008368200837,51.4577405857741
62.8733067730192,68.6801593626796,64.969880478189,67.7123505977362,64.839043824717
53.2788035349702,55.2221346022562,64.5511896668879,68.1307138001327,69.6361930659588
42.3543711761107,40.1641332427472,63.0749150237987,67.2449490142792,74.360271923844
31.4299388171512,25.1061318831003,61.5986403806961,66.3591842284177,79.0843507817725
14.4887029288703,31.855230125523,56.0903765690377,59.3347280334728,61.144769874477
20.1707734806707,37.3797790055227,34.2022099447733,43.233646408876,55.6202209944773
24.3700000000154,36.1799999999956,46.2000000000439,63.0300000000724,56.8200000000044
28.5852100839802,55.4352941174133,72.1334453779108,59.0944537814926,57.6796638654728
42.2933467336436,49.9707336683769,75.3496683417253,61.0929045226107,59.9070954773893
55.8249246231156,30.7646231155779,66.1831155778895,62.4024120603015,58.5975879396985
58.4763318777605,66.7882969432176,60.4234061135649,67.0529257641956,65.735371179022
69.6303225806644,59.4929032257808,63.616129032226,75.0141935484384,68.0141935484384
47.0590909091812,40.647272727345,47.5148863636973,65.6765909091315,65.5588636363772
22.2433057851699,27,35.4459504132264,44.1487603306606,45.8244628100192
21.8278846153846,24.8634615384615,31.1038461538462,30.7923076923077,44.3086538461538
39.7947216495288,41.7273814433178,42.7748453608493,35.5298144330192,41.067340206211
63.9733608248308,52.0256907216872,56.2074226804615,51.6489072165538,54.9476701031436
70.3313708999827,52.7853322119883,59.3988225399896,55.6319596299879,58.3988225399896
52.0672834314884,40.3657527334121,48.4403700588931,42.8470984020419,47.4403700588931
33.8031959629941,27.946173254836,37.4819175777965,30.0622371740959,36.4819175777965
26.9865937072476,20.9597811217429,32.3785499315962,24.5812311901467,31.7839124486971
25.501231190145,16.5036935704351,30.0019699042321,22.5017236662031,30.0014774281741
24.0158686730561,12.0476060191682,27.6253898768897,20.4222161422785,28.2190424076673
19.3392000000212,15.101333333298,23.5594666666808,23.8810666666384,28.8303999999894
54.8234126984127,56.1357142857143,55.0095238095238,57.2587301587302,61.634126984127
50.6984615384004,53.3061248185211,65.578925979668,65.7750943396076,70.7750943396076
23.3152238809054,29.0620895526006,61.1576119404527,59.9916417911871,59.5146268654225
64.7444549763561,72.4889099527121,71.5952606636201,80.212701421816,74.6189573455196
24.8524022346213,65.83156424586,71.0165921788253,73.0353072626187,57.2577653631707
33.3446927374302,38.5349162011173,41.2935754189944,46.345251396648,34.2072625698324
68.5124229074575,78.024845814915,81.8429955946891,86.6859911893783,76.1818502202258
80.7451612904508,71.8853225807028,70.0764516128648,88.8216129033155,60.0891935483422
45.9608264464102,42.8996694215949,67.6244628099261,78.3100826446675,42.1834710744458
37.6263900414047,51.9377593359347,64.8424896265626,76.2087966804683,50.2564315351543
47.5826446280992,72.8239669421488,72.9165289256198,75.7314049586777,70.7495867768595
21.710725462301,56.1072546230102,64.991692745369,66.5536273115051,57.289274537699
26.270000000298,43.1800000001987,62.4928571429281,60.9857142858562,62.135000000149
62,67,64.0637398374436,75.0273170731901,60.1821138212674
70.4703581267426,73.8943250689077,73.2384022038557,76.3311845730104,66.5695867768661
59.1038567493113,53.5542699724518,73.8366391184573,72.1435261707989,62.9801652892562
14.8275324675428,55.0010389608394,54.2077922076202,52.3802597400774,14.4825974026284
14.6832311978026,22.6095821726842,60.3895264623225,21.2440111420723,24.0488022284145
23.1518662952336,17.7703621170094,40.4277437326636,24.2685236768692,24.6537047353738
27.2132203389864,16.1801694915204,39.2281355931766,42.915762711792,26.966949152534
16.3478260869565,46.4202898550725,63.5797101449275,75.9710144927536,50.9130434782609
38.8055524080119,67.0950708215196,77.0743342776362,81.5661189801689,70.7355240793246
70.9312449795494,63.669397590438,82.4959036143429,78.4959036143429,71.0523694778223
43.6787250996586,58.0713944222981,80.8215139442548,79.7858167331057,78.2498804780433
38.1296846388477,63.1296846388477,73.6527365208642,74.195605289928,82.0659206510803
45.198982706002,70.198982706002,68.3507629704985,74.6374364191251,75.4384537131231
42.7411981565978,55.1734562209857,47.8414746542131,73.5636866359301,67.1273732718601
59.996373937578,66.6315014162978,72.9081019829758,74.0900849858132,64.272974504256
32.9282719547733,30.3356373939005,65.5258923513018,67.9382436260848,66.1185269121745
25.0794029850568,57.8680597013354,63.6931343283523,74.3122388059375,63.6137313432954
35.8178861788618,39.6406504065041,32.6406504065041,35.4650406504065,37.4065040650407
19.813296398903,17.4439889196709,20.5519113573671,32.3278670360507,32.9212188365992
23.2175319148463,17.2175319148463,27.1433191487806,43.615489361506,40.0876595742314
23.8587804878146,25,37.8587804878146,68.8467073171523,70.2703658537086
21.2104878048829,25,35.2104878048829,47.218983739877,56.5875203252283
18.5621951219512,25,32.5621951219512,25.5912601626016,42.904674796748
32.4678260868874,21.3827667983624,49.5845059286936,47.2442687745936,53.6488537549187
18.7854811715365,11.6836401673624,27.7453974895647,32.1635983263765,52.5308786611012
15.605313807543,11.2293305439347,34.5600418409792,36.7066945606528,56.1653556485223
27.0918260869081,19.4161739130124,39.8702608695583,49.2864347825707,69.2215652173498
19.063025210084,70.7873949579832,50.5983193277311,71.7243697478992,65.4252100840336
22.1094511378934,48.3980187415864,37.5621954484265,63.7537349397399,60.8905488621066
34.4088163267187,39.7582040819181,35.338122449278,65.7284897961584,59.6096326531196
49.9862857145355,11.1805714285941,19.7708571428912,28.3125714286736,32.0485714285147
15.6318805970126,9.57970149253138,14.6840597014937,14.6318805970126,36.524656716431
16.9283582089552,12.8208955223881,14.0358208955224,15.9283582089552,29.3940298507463
15.3079587628833,30.7664329897251,55.4550103093586,36.3044948454001,56.0726597938669
13.4952301255164,25.3475732217191,64.1285774058627,50.5333891213855,65.5143096234509
11.6779916318058,14.8984518828834,65.4915062761456,63.2540585773593,70.9660251045826
62.1731914892123,55.4144680849767,64.0689361702184,61.2412765957644,16.9991489363337
10.4555066079295,16.9171806167401,16.7101321585903,22.5444933920705,30.0828193832599
10.5554509803932,13.6672941176408,10.8900392156748,14.1127843137089,22.7791372548885
19.952800000151,8.64399999996026,7.41360000002384,17.8376000001828,42.9160000004371
22.4245871555915,30.8333944950264,40.0157798161565,36.9056880732195,54.9277064218069
43.4983921016109,51.2906629055668,68.3293088857871,48.6409026798532,71.0088575458605
11.0315937940762,15.1483779971791,50.5644569816643,36.3892806770099,59.3698166431594
28.3151464434847,42.7733891212707,60.4565690376769,68.7138075313974,35.2538912135022
16.4469421487538,16.8156473829179,61.3633057850451,67.2571900825527,65.8327272725828
14.6522314049652,16.2174104683217,39.8267768595829,42.1312396695134,26.3490909092354
13.4852892560243,10.930909090873,31.6925619834054,24.7927272726189,12.400661156854
13.2333333333333,8.58666666666667,28.72,50.5666666666667,65.32
7.58832369942311,19.3547976878854,30.7065895953849,50,44.2320231213448
42.063529412127,51.6247058826042,59.2729411767394,62.6364705883697,49.3282352943339
21.6259854015933,22.0823357665336,40.7083211681269,39.5188321171306,37.1597080294813
11.2509361069707,13.0915898959787,12.840653789008,5.09158989597867,12.5696285289547
19.822962962963,16.9696296296296,10.9207407407407,10.8718518518519,23.5548148148148
38.5299085619179,6.38942643392116,11.8525685785615,23.6244721529622,36.020847880325
32.7534164588317,9.63870324190715,16.1849376558762,29.7619950124913,50.1010473815977
26.9769243557984,12.8879800498634,20.5173067331512,35.8995178719642,64.1812468827415
11.3409523809187,9.84380952376327,14.8323809523852,15.1733333333039,27.8266666666961
22,34,52,63,22
