"energetic","enthusiastic","content","positive","accepted"
3,94,4,0,0
14.9577342047515,16.2042120551474,26.9436456063353,17.3485838779697,47.0316630354928
17.903138825625,15.3219717793747,19.8062776512499,10.2251106049996,27.0941647687487
17.384748291842,11.6932380428938,18.7694965836839,6.07798633473578,11.5424487552592
11.7739979526923,6.58799905508876,19.2060004724556,4.60800062994082,12.4620048820414
0.863406966155088,74.6189294277867,7.36593033844912,14.3608835938611,31.7268139323102
2.00707168114424,13.0141433622885,18.5088396014303,9.0176792028606,30.250883960143
6.25050894675576,21.5010178935115,23.8131361834447,19.6262723668894,30.7813136183445
9.7222345542008,21.5555308915984,19.9721790602972,18.8332963373976,28.4166481686988
17.9359681372634,26.6467524510084,34.5165441176544,49.028799019547,39.5143995097735
12.975361197115,17.404927760577,26.3310113519221,43.2747678019185,40.2817337461522
10.4209236326186,17.9158152734763,19.1785861713322,9.5561919505659,28.0204334365694
22.7702205877751,18.6776960786018,25.3933823528389,32.2784926467265,35.2784926467265
29.3420593367821,17.3870239195399,37.8901550149418,33.1610717586198,34.1997741505738
20.7024432809461,22.4691510112082,49.5790473257788,48.4074530336245,49.9543681347453
18.3241269420914,32.1339795513024,62.4719160802567,64.1866949940732,65.9014739078898
67.406232018826,79.4631523038679,85.2600362944549,84.3454167220178,83.4307971495807
63.172382258802,62.7631458619113,77.3754000914495,63.6707818930041,73
34.9439199548472,36.6651335431606,71.5166626321381,58.8772694262948,73
10.5115239078538,9.42690058486503,44.1730306158986,36.2576539388874,65.5115239078538
22.3224161459558,28.7267111972429,48.4534223944858,62.3060403648896,67.6284565108454
15.762234305534,27.2703905092234,49.9055857638351,46.7785467129128,67.6557917284142
5.97380128517872,10.9563354752979,25.4345032129468,23.938869665417,76.3566210798411
20.7770637669483,67.3661229198052,61.4196737518831,38.6251441754547,65.2590212556494
65.5928388746925,37.2751918157287,66,63.5928388746925,65.5268542199031
45.8099666744039,55.1128936423196,66.4807150791809,66.8842904750852,69.7685809501703
24.3244206773748,78.6446821152562,66.9922756981577,69.9536541889465,75.9073083778929
80.2747489239627,72.8464849354775,91.3737446198134,73.2080344331943,89.6262553801866
77.6513348525076,73.9475623822167,91.182153205647,73.8518862351454,90.660533941003
58.1540495682595,67.8198441500244,80.5979126227694,67.1671027091175,82.8616198273038
24.5446286620014,28.9938678169496,43.5107880986335,31.946173063423,77.4353849647895
23.1528701977133,21.0781652029104,77.8074704994803,67.7689645993763,74
4.31295149640033,49.8260143392634,75.0694829178319,62.3652028678527,76.1912172071161
9.42182662539315,53.8593368095209,79.640581717457,63.1718673619042,81.0312041714251
14.530701754386,57.8926592797784,84.2116805170822,63.9785318559557,85.8711911357341
19.6395768833788,61.9259817500359,88.7827793167073,64.7851963500072,90.7111781000431
44.7903867677369,65.4091530904037,86.3862703643944,68.3125854993051,92.3011441363005
77.2150022798646,68.6926584587205,81.4610123119193,72.8274053807406,92.7115823073401
65.5032679744151,67.4618736384015,78,70.2505446624025,90.788671024001
70.796733787696,67.439353099618,82.2043760900013,74.714761376156,78.6939908038467
33.1205010304875,40.752021563262,68.5990698165649,52.7369589344511,73.4611806986788
1,24.4011691633959,60.200584581698,38.9786871270857,70.4224820363102
1,67.8107416880057,81.9053708440028,72.74168797956,80.0690537084457
69.587573760949,79.7937868804745,79.9068032071175,71.6186393585765,78.711836151459
68.5395993755146,79.2697996877573,72.0469953163594,73.1906009367281,88.1436056203688
65.1353164840258,68.2574368150969,72.2970252739613,77.5808543949677,95.8646835159742
73.1530676787899,77.9425996204538,83.3373655912857,84.9808665401513,92
47.9509803920351,57.0588235292408,84.3823529411221,64.9607843135753,93.813725490209
22.6754929117549,21.5655857909749,73.0890500244011,33.7697572102507,96.5026071370473
17.8470752319698,39.4296496842862,73.5061120683013,61.2278283698456,81.9495446713898
37.545633514403,63.0909520434567,90.9999212536627,79.1816678479015,94.6361918261731
17.960396039604,34.8316831683168,63.4059405940594,57.7722772277228,78.1386138613861
2.40123156699924,6.20061578349962,30.4953816237528,30.2978447577513,56.6018473504989
16.3016186339743,17.9200772030864,34.5509058208451,22.4738342764482,72.6831600648622
28.20328023977,29.20328023977,53.8562529570615,20.4496924775216,80.40656047954
11.5480733849301,12.5480733849301,22.1072648900231,22.0111181201628,47.0961467698603
2.32439580484878,2.66219790242439,3.98659370727317,19.0268125854537,63.7452804381903
19,61.8557158708572,91.4284128745397,72.1420643726985,96.0177580465873
13.412267471073,2.823635257068,63.2372522557581,35.294541028272,72.5899817416221
3.45651080944599,0.727686486199156,24.4621999946844,26.9107459447966,38.0068270222861
9.33510125355968,31.3683702989028,12.8891031821895,24.7063645130135,97.8809064609594
33.6911976913009,32.2746795689217,38.1795263561336,29.773788303197,71.0718105424534
48.8274190110033,20.2607097186796,49.001225490123,51.4577738703431,70.1958386615405
75.2047634269988,17.0954283887601,73.2683823528389,76.2524776213789,73.8886668797798
16.6613190733075,57.6310160431565,35.9251336896248,63.2406417112031,96.8270944741354
78.6506238857905,56.5668183147611,62.5668183147611,74.0877697075184,97.6007928272978
43.3529411763856,33.9130816505161,39.9130816505161,48.2730465319835,94.9666374012228
16.7962895303039,19.6482361060492,31.3521292575398,35.518735030275,87.7035277879016
15.9860583016477,29.8048162230672,64.1812420785805,60.4423320659062,67.1951837769328
13.6975638740392,13.7672523554957,63.6035141329745,21.5581869111261,79.8836261777479
9.77559912854975,7.043884220371,23.263305322226,23.2390289449073,76.5219421101855
13.1202456886031,13.3871170957724,16.9472399400739,22.2932514371323,75
75.0314830157678,78.492129246058,96.9842584921161,76.9527754763482,98.9842584921161
51.1559303440192,60.2277526393915,89.8084738790072,64.2995749347638,98.2934320581265
16.4012889070667,30.3604826545104,76.77548334015,39.3196764019542,95.5782256958646
18,16.0163812359677,65.0799205758401,41.8073963763845,95.831968230336
2.20941759601992,18.7194401924495,72.6442889423471,26.8456884612233,53.3436839419374
1,22.6105887899698,75.0884710319758,13.0355270821269,61.486590675867
4.25855513303452,24.2332811451683,67.2243346008964,6.83359427415826,70.8499217177525
22.2334042050274,17.4721631624772,61.9839357427325,25.8222694700182,75.8779431450638
15.2666666667056,14.2313725490448,82.8705882354383,21.1607843137232,82.5176470588304
6.03496503492057,8.25791855200743,48.658988070588,21.7038255861811,80.8885232414566
13.6078431373551,8.15196078433877,23.6960784313225,18.8480392156612,69.9137254901159
28.1269881342614,58.7050408144366,62.8029117226089,90.6203820582623,63
18.3952469239832,38.0950615203369,60.5118826900421,64.6047530760168,72.3736726782611
17.2827125119389,60.3457497612225,63.2932187201528,65.7172874880611,89.6179560649475
23.6585557918472,24.5348452634122,73.8449484211374,66.449484211374,98.5348452634122
16.0495356036308,17.9876160990923,73,61.3436532507564,81.956656346823
13.3749783099577,47.4323558330419,47.7655734861495,62.1145815258298,84.296893978787
1.026709896373,86.2607688746114,18.4230353554403,61.4106839585492,95.9178632082902
51.310160428105,73.6042780749184,78.2887700535131,73.6310160428105,97.2887700535131
72.671275225347,68.4990124517114,71.1108916559359,68,94.1108916559359
48.8646629454272,73.600429368837,72.2445398597416,68,95.2445398597416
29.8517156862688,72.502450980384,78.8468137255008,69.3492647058848,87.4546568627297
55.6000367359758,38.4763282362415,79.5418101666962,69.9236350277827,86.1491022638471
60.1971062619359,14.2568258486181,57.0494939912071,55.6450558718601,74.4812355050263
17.9252846301083,14.7787001897517,22.6057874763845,28.507590132909,34.818785578867
21.8657952068117,16.9877995642556,46.7620915029844,24.9511982570224,83.5973856204351
50.1753409186835,44.7058016626596,51.8424917289096,27.5913822319282,76.6953925602394
53.4436378805688,54.2771798080079,51.1117229871547,44.9450146016669,80.9447642887399
21.5004867194336,30.5951884299249,75.3444583507745,67.5255180086763,93.6118759560867
11.9180898166151,30.1831119544083,33.7542694498454,39.3108791904744,82.0192915876386
1,18,75,19,73
