"energetic","enthusiastic","content","positive","accepted"
9,8,0,12,11
18.8125853126113,13.5288855288975,12.2644427644488,7.45185745183742,8
13.0576030576014,10.8727398727391,10.9363699363696,11.8787668787681,8
28.8051049915422,16.2966176284629,10.5211869734616,12.3940651326918,3.83050421230691
32,25.7855264978657,12.8046215580604,21.3778884737878,18.5137678151471
32,44.1844897871567,37.9349128800189,37.0843205500118,35.1177102957268
32,62.5834530766194,63.0652042022118,52.7907526263824,51.7216527764614
22.8214962122496,13.0306186868809,27.9081439393573,10.3928345959168,19.4540719696786
16.813583432587,14.8881500595522,22.9773609456884,16.5672444973797,26.1344889947594
23.7874156411038,19.0724493846623,11.3543072648271,20.2866216752553,33.5732433505107
27,35.0804210689637,17.440342118533,22,58.1206316034456
69.1147660818801,65.2950779727067,47.9344541910535,29.8195662767261,61.4753898635332
66.3129984050989,66.2290005316337,41.3969962785641,54.5685140882929,66.1450026581685
69.3973495639288,70.8098938098321,36,76.2699646032774,71.2699646032774
77.7412559761554,90.7823430029806,76.4353139940389,73.2587440238446,18.5297099105828
64.2517449170848,65.24099362739,69.7469978757967,59.3364980275255,48.4845016690169
23.4317134144537,14.0636406987181,52.687880232906,43.4958887876984,61.8880941027167
17.3296190606817,9.3064727998457,36.1851700866882,22.0925850433441,39.5897993388554
7,20.7893569844525,18.3590713447101,16.8575714099356,19.2848571801288
7,10.4023158413608,12.8600495630734,15.6355665695719,21.7288668608563
4.31087187664551,17.5492645756543,29.7202729045996,12.3108718766455,26.5855041644727
16.3320964749979,26.3753865183292,24.9783549783343,12.7544836116648,32.4910327766704
10.5681003584176,11.7951015531429,19.840501792088,9,27.5902031062858
10.1334803978298,6.70022059674464,13.2751654475585,12.1170710940318,16.550330895117
30.6384111385088,33.3660933662105,11.9077259076608,27.3630903630643,15.6339066337895
27.6011899409733,20.6902706591241,20.7651889818005,26.8967568863747,22.5162155681265
9.27746305781114,11.2124808919713,25.8200101909487,23.7374936306571,38.3125318467145
27.4348554671268,19.8261416003451,31.630498533736,28,44.521994134944
14.8550346142616,14.2416089762306,36.1785294808159,28.0483217952461,20.6765051334458
13.1072835053693,17.1545274910512,26.2746065304261,28.6309054982102,28.8326769749432
15.0842017008382,23.3178823811735,35.4210085041909,29.9252605102515,43.5610252725984
18.3999042145651,28.0907784744069,72.2909700452768,48.6913531870164,72.5274730059093
27.377513150793,33.2282139823163,70.6788545733781,82.1380256236425,85.7014016630466
53.2289669861555,57.2655307064253,60.7011004614838,80.7774227902023,82.0731274405396
69.3724462671686,70.3137768664157,64.6071238701804,80.6862231335843,80
29.1928917788628,67.9302099398329,70.4035541105686,83.4035541105686,77.956219693495
33.8792047017433,48.013380017591,68.0603976491284,81.0603976491284,73.8556958859746
14.159635571405,10.766250742744,50.478906714215,60.510833828496,63.893959199868
8.30218519870029,14.7439333576605,65.71318765342,80.2791259205199,97.4186888807798
15.2342472342587,39.6814464996617,63.4467619922139,76.3828763828706,88.2551051641841
48.3979135614438,76.6883589997318,65.2662692497988,76.3328365622485,79.4886570623826
77.4884618543351,76.1488461854335,41.4234622649707,80.1907694834681,87.2326927815026
65.6318018900024,58.3776474422879,49.9429781688584,70.9964157707161,90.9797979798582
25.5635114586161,21.7437819050204,28.1916205061059,39.5141875746269,73.2352693602443
21.4721050163865,13,30.6218605585383,32.3908646440276,67.4365414238896
28.6597621787617,13,40.633240177561,32.9042687270544,65.3829250917824
35.8474193410699,13,50.6446197964902,33.4176728100764,63.3293087596943
43.0350765034452,13,60.6559994155129,33.9310768931032,61.2756924275871
21,15.1437975258119,17.4149358757277,19.2744296902574,40.9868346386337
28.619812252988,25.7364267677069,30.3993741766266,29.3194993413013,51.859436758964
38.8413629382437,38.8611925709632,64.8611925709632,56.8083135503778,82.8678024485364
19.1235888294924,8.10338680921816,26.6809269161318,9.03149138433481,63.8247177658985
0,11.0119026522597,7.59285840864419,26.6285663654233,54.2452300785868
0,7.8988274558362,9.46070352649828,19.1571858940069,42.4155443321775
58.1050308915789,67.7431597530263,59.9011473963947,55.3945278024211,67.6840247132632
16.1695753345159,4.2158231530202,23.6937172775649,20.5703897615534,53.2312390925216
22.3011925538017,12.0196996139294,48.777605901916,41.194920408242,61.5925353006387
28.2387778197087,25.8455928581549,65.5224443605827,51.0125738714081,57.6768515024278
31.6719233147952,47.5888476603696,56.6640383426024,31.7628839414136,27.5178829106344
39.8421552338737,36.9065063165363,48.6549305060462,52.1345306854854,62.0701796028228
59.8568715879251,66.3726165044453,32.5319645541714,63.2538175488473,63.7380726323271
53.6543337704109,54.7160672785752,51.5358137179616,53.8913738753095,63.6493868065315
36.5867607939419,30.0533418903584,37.3868891493172,33.2802053686005,58.746786465017
38.7435543278176,30.2494140298016,42.4847647748416,37.9859367152384,61.4917964172224
40.9003478616732,30.445486169243,47.5826404003185,42.6916680618325,64.2368063694023
43.0571413955489,30.6415583086863,52.680516025843,47.3973994084704,66.9818163216077
45.2139349294045,30.8376304481277,57.7783916513198,52.1031307550645,69.7268262737876
47.264267220939,27.0359916859155,51.1650439415024,46.2221128252583,73.0570688837559
4.55138339918593,5.37922705313434,5.55160298637722,22.8620992534057,40.2755819059973
6.31493811347115,8.78600085352508,21.7483141270322,26.3755014936689,33.4158770804674
20.1106843078752,27.9800825153046,58.3370322947995,59.9651444017831,80.2014511310551
13.7578926520566,27.3789463260283,66.6601505248531,72.2812041988248,96.601505248531
15.4567567567514,13.5555282555239,70.9135135135028,55.7282555282331,84.802457002455
9.12627627629955,8.37604422606326,58.2525525525991,29.2553371554345,82.5004641004726
7.824434824444,10.648869648888,14.69456469445,6.351130351112,63.347282347225
29.0319104601217,17.2925522414547,22.1781865808491,14.7313806036366,66.0159552300609
37.7972204312647,20.5944408625294,36.1819328032205,23.3847123719558,65.2166774124118
38.7956053069427,22.9224709784955,43.8167495855348,29.9224709784955,58.0281923714562
22.3949843260749,11.3113897596625,29.0177638453999,19.6886102403375,73.7063740857374
21.1968077274059,36.4880289777722,65.9135671585248,57,72.0631681244505
26.1632064081142,55.1120240304282,44.8063727655147,57,51.5767735665289
30.9318181818899,48.8409090910764,45.4772727274719,32.7159090910326,54.3522727274281
51.6578109867497,36.8575711453523,30.5147825286087,39.0005996034933,60.4007195241919
42.4913097455293,52.0772670842194,30.1571158512567,36.3142317025133,53.1970402347753
28.3766918193367,41.6574440050816,23.8390226374031,32.4623308180663,53.3219547251939
37.5441077441639,39.2776787482835,31.8442859972536,27.2776787482835,53.2551792434773
16.346430882604,36.4464280689991,24.4214287724003,22.7107143862002,42.4964266621967
2.70439773784706,39.4120874482941,23.2351650206824,22.1175825103412,53.7659323035176
13.1313131314335,7.28722002633475,33.7092665788841,23.1418533157768,54.0105401843433
14.6791831357,26.9431269213665,48.3964646464835,45.4903381642332,75.3020421607501
18.1509387351896,41.9874011858218,35.088068181773,58.2201086956954,66.6226531620259
34.8822807514036,27.6765788728946,55.9042764088818,62.2095723591118,75.0219956574782
19.6319343163878,41.5356236158208,49.2638686327756,29.2427483389849,61.7533084858803
9.15602009399689,36.9808783017378,28.3120401879938,23.7770539620853,48.5445470750396
1.82229845631797,30.7727463311669,23.7684772255136,27.9090146753323,44.2891938252719
34.0856142065538,40.1654447702631,75.404936461391,55.214809384173,73
12.4128290201336,24.7615129395993,74.7615129395993,53.2203937181301,60.7615129395993
13.6562412445621,21.0312762663138,71.0312762663138,35.8126225761311,57.0312762663138
16.7333410147025,54.5336636322079,57.3334101470251,67.3334101470251,61.6669355145879
29,28,25,9,41
