"energetic","enthusiastic","content","positive","accepted"
19,66,72,31,40
67.4674660271935,63.6915667466008,28.9156674660081,59.2337330135968,61.4578337330041
72.4097521982262,63.0737809752217,22.7378097522173,61.7048760991131,58.3689048761087
25.9295634920635,43.9295634920635,22.8032407407407,33.6299603174603,63.4566798941799
1.57884796982784,33.1973559962285,40.8684293358477,38.6710733396192,34.644633301904
16.1746931066594,35.0218366383324,39.6521089077784,35.630272269446,49.8486386527702
31.8185261707989,52.4600550964187,46.4070247933884,50.8715564738292,60.0575068870523
41.3014897910576,73.6838497150785,49.7427291072459,68.5147792022198,58.0588793921674
36.2555792972615,66.8030626780839,28.1829297246629,49.2485754986349,43.379867046579
32.1375255623722,57.0117586912065,11.9253578732106,38.3634969325153,35.40081799591
33.2509157509594,32.1672771673063,24.1951566951907,70.0763125759778,61.4945054942435
37.4978725112759,43.9238519588475,33.1325867051851,14.1368416826332,18.7151172125098
25.7090558766859,59.4354527938343,38.7167630057804,43.2986512524085,44.1541425818883
16.4731359648861,39.7933723195952,10.9917153994939,26.7933723195952,58.7024853801518
32.4383644930696,41.5890712873772,66.7260221918315,32.9863201094065,61.1095911232674
37.1372549019608,58.6225490196078,63.7892156862745,43.5588235294118,62.2843137254902
34.288416075605,65.4302600472531,44.8652482268151,42.1465721039569,65.1418439716481
41.3316276805791,53.8639132551108,65.8118908381602,60.2252680310903,60.1881091618398
28.2076923076923,67.9621794871795,66.8301282051282,63.0942307692308,57.8679487179487
34.8132478632682,64.1089387464269,64.0778133903049,58.1400641025488,58.968874643878
46.0124661247323,60.0569105689119,64.5409214091882,60.2829268293264,51.5907859081175
18.8352112676056,37.1292253521127,60.1647887323944,49.0942488262911,21.8352112676056
26.0920187793651,53.4570422535715,52.9079812206349,37.6043035993386,29.0920187793651
22.3291152263718,22.8336419755,33.7992798354743,26.3291152263718,22.4701646091026
34.2008547008547,29.9344729344729,25.0042735042735,36.4672364672365,40.2706552706553
34.4815991839278,45.515222850021,30.0368016321444,48.4048179535879,50.2208097928661
30.2939669229533,50.8467272304972,31.555904961557,54.7380619613963,49.5144421151682
14.5815494393476,15.2076962283384,33.8338430173293,35.8338430173293,21.3738532110092
20.7090270699022,17.3960810963937,32.0831351228851,34.0831351228851,25.3129459735086
26.8365047004002,19.5844659644286,30.3324272284571,32.3324272284571,29.2520387359715
32.7693282636248,38.2636248415716,48.5386565272497,61.362484157161,75.7471482889734
36.792658730206,52.0311916433504,44.2055030345875,61.5247724089177,78.2385329131444
52.1269841269368,60.6003734827,57.2847805788579,46.641456582679,71.4733893557632
68.5272108843537,69.2636054421769,62.2945578231293,56.9071428571429,58.6200680272109
35.1557207765189,37.1332094176108,41.9774886410919,35.6022304830055,45.666047088054
32.4843151341053,47.094109195368,55.6202506385258,41.2195881225254,50
28.2968197879859,54.1978798586572,67.9010600706714,54.791519434629,42.4911660777385
33.4252400549351,40.4789666208874,60.4789666208874,40.8563100137338,55.4673068131602
14.3829248365059,57.2687908496927,50,40.5505718953995,50
45.322181372549,50.9546568627451,50,48.7589460784314,50
15.6026365349791,25.1939736346741,37.7551789077392,50.0301318266297,57.0301318266297
3.01678240737981,29.3731481481923,30.5932870370481,69.3563657408125,15.0845679012051
11.9618055555556,15.0611111111111,27.0152777777778,46.0993055555556,24.6259259259259
27.6147798742888,45.0362945495349,47.1141247381017,40.0765199161925,27.3463050314278
29.7615176155315,31.0912375794032,27.5943992774338,44.0650406503096,28.9349593496904
5.64695945945946,23.5888513513514,30.8827702702703,57.0591216216216,38.5300675675676
6.70412457925503,39.572601010086,41.1452020201719,60.4410774409169,53.4356060605158
28.5708832511186,35.7126497533558,35.5708832511186,31.7126497533558,34.9961827578303
27.5414868105516,34.4585131894484,33.8537170263789,38.0239808153477,31.4585131894484
26.305915267782,35.694084732218,30.7647881694549,59.6464828138157,32.694084732218
8.97819706505949,14.043605869881,22.7716981132525,24.793501048193,54.0649895180696
21.5456375838926,41.8464205816555,34.9936241610738,38.441610738255,39.4048098434005
45.7512304251306,55.1018642804287,50.5543624161554,45.3574944071802,45.7443698732485
25.386564389,35.0635750816291,42.6932821945,41.1419107392742,42.9135285914194
1.44797687861272,28.028901734104,26.9248554913295,27.4913294797688,32.271676300578
3.22073125975407,20.2287824570821,22.6702449765902,17.5639049453772,57.090237636557
4.99348564087902,12.4286631801323,18.4156344618904,7.63648041107751,81.9087989723062
8.2359437751004,3.5281124497992,24.9437751004016,72.8048862115127,46.8092369477912
22.9035241008846,7.83427988933965,11.6685597786793,58.9114606086319,48.3700305809668
59.4808140380406,12.3361001892973,20.6722003785946,34.1514489588648,24.7354740061891
10.8786717752235,22.7662835249042,69.0651340996169,23.2337164750958,22.1775223499361
17.6417666302902,13.6417666302902,53.8739852175198,27.757875923905,20.4527444565699
9.21374045804127,5.21374045804127,61.3655640372967,27.289652247669,23.2620865139862
1.50950570342205,39.2252851711027,62.2642585551331,28.8678707224335,50.527566539924
31.1653961654595,27.255948256013,27.5472395472327,19.7087087087803,25.8898128898872
51.6961769461136,48.2330503579856,25.3156329406398,42.9174174173458,49.9911642410899
72.2269577269577,69.2101524601525,23.0840263340263,66.1261261261261,74.0925155925156
20.0349732262303,13.3436364505835,3.86010709507877,33.6872729011671,7.99796806276016
17.4484605087095,19.6251673359913,14.2061579651622,46.2503346719827,18.7135207496323
14.8619477911647,25.9066982214573,24.5522088353414,58.8133964429145,29.4290734366036
29.167127708627,53.0055325035238,49.3231904102064,38.5152143846904,27.024896265857
15.3877401838775,69.8763575605282,33.5786340851981,30.7586675022927,31.6013993318965
19.9808219178082,48.9835616438356,50.6465753424658,20.7041095890411,23.3890410958904
16.8201754384634,43.9883040937701,46.6403508769268,37.1081871347944,22
6.04653220096971,60.1162420382545,48.6743925454384,76.7208657702949,44.8139301722343
12.8834925690021,47.8097133757962,40.0142427459306,55.29838995046,37.0653750884643
19.7204529370345,35.5031847133378,31.3540929464229,33.8759141306251,29.3168200046942
8.94409576937078,15.3007903299904,47.3566945606196,43.1606229662729,59.2519758249759
27.4782222222222,40.4075555555556,37.7744444444444,30.1684444444444,37.8722222222222
36.6379259259542,53.002148148187,40.6368518518607,38.1831851852099,52.1842592593034
6.01728395082333,37.0108641976604,24.0088888889949,70.985679012175,35.0118518519931
25.9883177570093,67.088785046729,28.9497663551402,32.6834112149533,30.2897196261682
32.0706360368845,47.6579152991947,33.141272073769,45.9182684794984,43.3420847008053
26.8858858859677,26.9429429429839,29.6501501502217,50.9305555556502,52.2109609610786
5.15463917525773,17.2491408934708,10.9948453608247,20.840206185567,15.585910652921
58.6919226135611,72.3366455886638,67.6844700390677,23.9925474255066,30.9937895212555
23.2027250829159,67.6823246010381,42.66749473058,34.4647696476642,39.7206413730535
25.9249692496925,44.4062115621156,36.5937884378844,50.5627306273063,31.3376383763838
34.8682282282597,47.9365765765809,38.995075075098,39.6828828829044,30.7413813814215
45.0800600600286,49.3290990990948,46.4218618618389,46.645495495474,43.7382582582182
42.0219123505976,56.2051792828685,66.8426294820717,50,33.1573705179283
31.3723313924961,33.3684497815813,67.2495147986357,29.86942018431,14.3703905870387
35.9635068980651,48.3874796023674,55.0729862038698,49.8601097759163,21.4422192552698
47.8667355371901,60.2641184573003,44.5210055096419,70.3925619834711,37.9531680440771
44.790358744261,49.9877927255381,41.392127553515,32.4864225210185,45.2462630791247
37.7326945929073,47.9687685681165,24.1482843137839,16.9561051692873,39.8517156862161
64.1372549019608,20.9901960784314,5.20588235294118,34.1764705882353,58.7941176470588
62.759645061526,55.4834104936984,37.6197273664452,18.2744341566607,62.5874485594255
7.29104695236693,60.0766258384351,65.2414698163355,42.5325167687025,39.3754009914888
38.8451443569554,60.6400918635171,44.9566929133858,53.8018372703412,56.8428477690289
60.5059331175965,38.4110032360531,21.4584681768248,40.6699029124478,69.5059331175965
43.2504224759544,29.0306294888145,27.0306294888145,42.2450359105157,7.57657372203617
24.8135265700483,42.4787439613527,41.3304347826087,44.2202898550725,31.4024154589372
36.4141414142377,58.5296717170332,62,59.5088383838986,67
26.086071987611,34.7296557120734,60.2918622848294,65.437793427244,40.5238654148551
37.54312304632,46.8974850809889,53.055200341006,61.3622477976698,33.6850667803353
54.7468504310467,61.1729184427835,45.3684285308089,57.335843516138,31.1228095102696
56.0974596393584,62.3003323838582,42.4616571699282,48.335470085572,30.8881766381427
0,31,68,60,4
