"energetic","enthusiastic","content","positive","accepted"
18,7,30,8,3
7.84096356176432,6.39216801396972,68.9753016208339,4.1837348174018,17.3638542470573
14.665190721855,21.7466791241738,59.3076464773721,7.02716280077292,44.66076288742
82.6503684641367,11.7964674230081,11,7.03240145042718,15.6583226107689
63.1876891632312,26.143862269668,59.5520223260408,15.506859007152,23.6657757164496
62.4766489282313,9.57850266076531,50.5177181081293,8.57850266076531,8.15700532153062
73.1302796448398,11.7781097003537,18.0458053274032,6.73944071032043,12.4259397558677
74,17.9484132735142,7.2861904071783,8.81031734529716,17.0382553254935
17.8144672346049,15.5790539718967,7.8049880497313,0.984538936217073,9.35910177297155
58.6459348878874,34.8605803637246,14.043128941205,4.38716124065728,3.68806459890453
80.938023673345,64.5661657134148,11.1239526533101,1.10329387775839,5.89670612224161
32.5398145329792,12.3921372284269,14.9117941573596,3.03931385786544,7.47076494415779
47.571532738159,15.8370309356191,7.38026115022216,4.72838489269845,5.78270791415876
83.3495145631933,18.3398058252773,0.660194174722693,9.33980582527731,10.1100323624538
67.0005808646862,6.25130694554402,1.50087129702935,2.50029043234312,4.25130694554402
77.6306248237978,64.1332232205205,13.3546710711792,27.1479273255435,18.985295894977
66.9152667553428,35.93491251406,14.4826034994376,8.53704225927962,9.39787025478041
51.3450954135533,68.6638767990573,62.1860060256925,21.3098091728934,25.5487445595758
30.6023933166219,27.3149695190348,33.5249491983914,1.34251524048258,12.8399187174262
42.1768436866936,36.5382924862441,22.3007761426163,4.51979302863565,13.4987064289728
77.8109438897602,55.815756530526,13.5382924861245,6.85645533703346,28.1028458564591
73.6512259339209,64.8375020572695,52.8375020572695,40.5120125066089,32.6046569030837
11.4260177507478,54.9528313678961,17.1894245593219,14.0650443768695,10.7869911246261
13.7593371946128,32.786296651178,7.27281692289544,19.8983429865321,9.62033140269358
54.1470528499019,38.5762278101601,14.7827111346619,12.6140472030872,11.3967583377491
21.0683174490564,17.3912888573579,13.2204952347169,6,7.15217778566051
45.3081792792229,37.4327836148543,12.7114775900971,8.28852240990286,6.05136321320381
72.1189785876339,42.4598084851814,9.36012767654576,11.6398723234542,10.5198297646057
67.0573090679893,43.8385283597729,41.2447230849832,26.5676663654375,20.5781219291784
22.8810482280149,14.8572105138929,15.5059594285305,9.70834319994271,13.7976162285878
60.4512852895981,41.377377851481,18.2684768595293,13.575867603341,12.6926092561883
71.8260194174449,60.7053290183456,19.3236677454136,13.9710032362408,12.6763322545864
30.2119284371775,38.366367835872,47.3603585969537,10.2990134669568,19.752466332608
29.8124321474096,35.9316045783114,60.7373057476967,9.26269425230327,27.4658022891557
57.6035340219429,50.6956274491572,60.3030697809071,9.69693021909286,34.8478137245786
69.5505010961525,61.993266520513,40.13466958974,10.4966332602565,44.966332602565
56.0647701812791,50.1403353927713,69.460248489341,58.4818385497673,66.8164844863759
35.0693003013216,40.1160584756241,46.1622586765052,29.3481754268723,43.7436670014685
45.7623746616919,33,20.8896227916896,14.2020531592962,17.4583797549289
69.1216400547133,74.3006900426442,57.3175800370119,51.1892000321843,37.6250100297705
28.2520506682598,38.1825430976222,25.7912486888915,19.5043299357151,10.1738832261919
63.266385175955,56.8192050130083,41.6041739504313,24.5870559126386,18.6450931877311
78,74.27956578245,27.69895267934,56,20.26886323656
50.2136721404328,60.0839426265986,22.2136721404328,19.2823524712862,16.3128770627766
63.3555703709509,60.58067697265,15.0318763281995,17.8386460546999,14.2579690820499
68.4143689320882,51.4118623125481,11.250626654885,14.9156222418583,15.0843777581417
39.9300850019333,30.8144462796992,16.5927768601504,10.9734923256713,14.9204769770139
30.6777894825763,32.1236796400531,20.761594966255,10.761594966255,16.8234347862815
58.179825185669,51.2555305639437,22.5552059903697,12.5552059903697,28.1829712723416
63.502223028795,58.2622266583725,19.3777787859937,19.502223028795,21.3822248435837
20.8593919859276,19.4296959929638,10.7455860854269,15.1491172170854,8.29823443417077
42.5906887428175,36.4219205305839,13.0632880795876,11.4261639071478,10.0421920530584
70.7057701276379,56.4705134184253,22.1166744395288,18.1160384961438,15.7641073474023
60.0631589936384,72.8105230190848,51.5999582417407,31.9262971081472,17.368410063616
63.5867852496118,65.9042566881147,19.4490469994824,16.2155654374676,9.72452349974118
70.792927920871,54.4945307919542,29.057237227828,16.8160773267393,14.528618613914
19.5377172786072,20.866713375215,16.4473359355948,15.0559169919494,18.916124512076
30.2817165700494,49.4246552991433,50.8373990375288,48.0714693645469,11.0119115607578
30.1385452142686,54.9307273928657,61.5512123214429,46.0677883393186,14.7590301428457
35.2620749250382,52.3689625374809,57.2816042291348,36.2476897270101,18.1747166166921
47.5724891899013,55.7862445949506,54.2022925675082,34.9885371624589,30.370196622393
54.2820629727061,30.0989111194624,55.6885962559318,45.7728369897132,32
58.2243737595955,33.4780346510819,39.3561658531043,26.6244703105361,32
49.6071172225955,19.86434211029,30.9429186657709,10.1964413887023,6.47145933288545
19.1110830915955,39.6074055394397,60.2666750725214,14.3037027697198,24.2666750725214
20.8444432391523,42.7719802570965,46.0260888430659,22.9584531106041,38.3159407712894
35.1685943436277,44.4487125369086,28.9134655973186,33,47.428197551672
36.2985666305597,27.7829390496823,45.9146952484115,36.1317561987292,25.7402866738881
15.8745919362368,29,46.8773900877556,37.8764573705827,28.7505829482331
20.0292251381407,29,22.5431099051761,23.0384816494976,22.815392659799
26.1059405572265,29.8211881114453,43.0263363463669,11.8940594427735,17.5364356656641
16.4202980357085,16.9134868668801,45.0395123052043,17.2200270941553,8.44005418831064
29.2257314397238,32.5377379560126,63.7217835700345,20.9173246449482,9.68799348371116
64.5381058107479,62.8843096811114,59.3077367736565,27.5383948395152,14.6537961296364
45.1893788747519,44.7569306351893,17.3516200725652,15.1893788747519,11.0271376769386
16.6283096418323,30.1415482091613,38.9335545451162,10.5353870522903,9.67260661175482
14.334371116851,18.671855584255,20.0085617140208,7.66796389606376,19.9953299741705
18.5922330096771,31.5728155338699,13.8932038834675,12.2912621358868,19.0097087379036
15.5750802497271,33.2188503121588,17.3562299375682,9.57508024972705,49.2276334704218
32.4576759707804,42.3821574359511,18,15.4906222417951,46.2498758827026
64.3129550969849,62.6536986980813,18,29.3911076786843,15.5529705429055
55.459581649312,59,16.603233468055,17.5080836701376,11.7307179465229
37.3179477552024,54.7940111570815,16.9769216328036,19.0675186397401,22.2717910208096
33.9388242235829,33.9560827120946,11.9082363353744,9.49333530015159,8.75529689433166
44.2391631340197,43.4185354845345,19.4032886639167,16.2391631340197,15.6869957608236
56.4706063503614,61.7189733698259,35.6863137591164,33.9346807785809,25
62.597030649818,68.1857545748079,48.9602330746058,47.5489569995957,25
68.723454949215,74.6525357797269,62.2341523899658,61.1632332204777,25
60.5900243868195,62.6157456401965,39.691344959476,44.4871393733115,18.5643031334425
3.6480780932494,33.5296156186499,84.4604375544296,33.6217031295358,33.4111531440504
23.0910822465732,37.4182164493146,51.1295732915889,30.8441311076324,21.7453506520561
50.3257722861117,36.8857016769322,27.7542806707729,18.4113857015696,9.63998234770515
44.000272936347,30.4348656762795,33.5216204624578,26.999727063653,14.1737825087036
38.6537399925977,32.3123274879712,28.7070625231323,29.36080251573,15.3462600074023
43.26757391413,39.8098076104612,14.2888315183439,19.5564054324738,10.73242608587
57.6877831030255,52.4421462805164,28.3122168969745,22.4595989904799,13.5087263549818
62.5213699103209,55.5494520852063,23.4786300896791,18.6617807847478,10.0561643497708
67.3549567176163,58.6567578898962,18.6450432823837,14.8639625790158,6.60360234455978
65.2070765911208,53.6474433656534,13.2175620280372,10.4403667745325,3.77719525350465
46.3642365040711,30.1353267020243,8.36423650407109,5.83040482856501,3.29657315305893
55.9533921019797,45.1444398117943,17.9533921019797,11.6672821490311,5.38117219608254
65.5425476998883,60.1535529215643,27.5425476998883,17.5041594694972,7.46577123910615
71.1664955190168,61.3263629574042,19.9592046303245,11.2789395070993,15.8401325616126
16,25,22,17,22
