"energetic","enthusiastic","content","positive","accepted"
21,27,0,26,26
29.063939821367,35.735934806481,17.4718696129619,13.9040902679494,60.9437392259238
15,18.3648834017079,28.9099222678052,44.9012345680484,54.3904892548776
26.8653483992467,28.0550847457627,12.993879472693,72.6939736346516,60.9326741996233
12.0605775266381,34.1115819209208,12.3209353421199,39.0467671059956,53.530288763319
49.5039682537317,49.8567019399669,67.3827160490884,49.702380952239,50
13.327380952381,32.1428571428571,42.5773809523809,66.5119047619048,71.0654761904762
19.8334500467034,44.1540616246833,28.0638422035077,67.5128384687236,55.5510037347841
50,52.0999138672376,62.9913867356857,50.730404823387,29.1085271315519
64.8352490421456,42.4022988505747,35.5823754789272,36.6743295019157,51.455938697318
69.8279869828098,53.3979544398342,50.7904463040904,51.7474430497928,55.2634821013635
73.8149697814859,67.3523942352006,67.2367503486293,69.1904927940008,60.7455834495431
64.7361111111111,69.2083333333333,42.2222222222222,70.8055555555556,56.5694444444444
55.0213750984758,70.4754728132423,15.1899133174977,71.6503152088282,51.9232663514449
60.7869330007039,37.3171036203256,7.4748231376155,68.3682896379674,34.0016645857457
19.0994475138122,38.9944751381215,29.2154696132597,76.5580110497238,75.0423572744015
56.6095764273603,56.7624309392759,50.9318600368928,68.6611418047663,57.9324739103269
55.3985185185538,70.1955555556615,22.3007407407231,33.5990123457026,50
38.3669985775249,39.4992887624467,22.7795163584637,50,50
59.3766397977508,62.5421210685009,19.3908645487499,50,50
26.7632398751295,37.6542056072538,25.0726895119171,64.9818276220207,65
65.5415384615385,62.0735042735043,29.5463247863248,51.9808547008547,60.9025641025641
61.1435897435775,42.5270655270112,30.5236467236494,30.4797720797123,53.5726495726292
17.6811023621578,25.6216097988012,18.0756780402398,16.0756780402398,28.9514435693504
27.8170426065163,30.0852130325815,12.640350877193,58.7919799498747,66.8170426065163
22.7815086860055,48.0786988458003,16.7440830127223,63.9488166025445,67
17.2821499358903,66.0766002098135,21.7435000582815,64.9487000116563,67
19.4856396866841,33.5456919060052,26.8746736292428,36.4516971279373,50
38.7673339136016,15.507977951792,21.8987525384254,14.6820423556111,50
49.5619307834431,26.8342440802217,14.8934426229997,11.0828779598891,50
13.8588807785888,15.5766423357664,7.71776155717762,84.1338199513382,14.7858880778589
17.6891385767902,16.614856429465,9.84456928839509,39.6629213481472,9.61485642946503
44.5614035086111,17.818713450287,11,2.54385964913889,4.26900584799075
12.548427672956,6.50817610062893,14.314465408805,16.137106918239,30.1698113207547
15.8104858104973,17.7016193683243,12.4596761263351,19.8104858104973,40.5121051788215
22.4356261022665,21.8950617284135,12.7742504409066,19.7821869488668,37.5802469136538
23.5863219349458,18.3269391159299,14.3461217681401,16.0191826522102,26.5771476230192
12.8573811509293,19.1216754703015,12.7566490593969,13.6349735890954,37.7034565842215
2.1284403670023,19.9164118246665,11.167176350667,11.2507645260005,48.8297655453309
13.4876543209877,13.3148148148148,22.2037037037037,16.5740740740741,10.5432098765432
18.5923611111194,14,20.5190972222015,16.975578703694,14.4564814814925
21.5701388888806,14,13.0746527777985,13.5015046296393,18.4268518518408
23.7528248587571,23.0112994350282,20.7528248587571,12.7528248587571,22.0225988700565
17.6910531930908,18.2645938119007,17.5587562871404,13.5735406188099,21.7058375247603
13.3646598139961,10.7180616740351,9.53010279005845,15.0939794419883,17.4473813020273
14.1906693711968,5.76267748478702,2.0973630831643,16.6186612576065,27.1095334685598
14.6738787469024,7.69551498760961,7.41266621592643,15.6522425061952,62.8670272707778
11.2826666666985,12.0977777777513,11.6195555555503,12.521777777799,43.0115555559317
3.14619883040936,8.98245614035088,11.1637426900585,11,5.96491228070175
11.7466307277949,11.248876909265,13.7073974243875,11,16.4540281521824
21.1544256120415,15.1544256120415,12.5367231638755,18.5037664782698,23.5367231638755
13.5504840940526,19.0995850622407,8.34854771784232,10.149377593361,14.9488243430152
18.6710566152073,15.9315773539171,2.6026339691244,11.8079019073732,13.8079019073732
20.1974817760185,14.1974817760185,16.305279434383,15.1974817760185,18.2675060746605
14.5945945945946,12.972972972973,33.9459459459459,11.5405405405405,19
20.7818813131671,45.4049873738521,24.7225378788161,13.6038510101142,56.583017676905
27.2302076203786,58.9352041981956,30.3381245722271,17.8309377138864,71.5035363908013
23.1583403895004,16.68416596105,25.8947219870167,20.4211120519334,24.2114027660175
35.261078182365,15.4738921817635,25.4912973939212,22.0348104243153,48.0134537586512
47.3638159751286,14.2636184024871,25.087872800829,23.6485087966838,71.8155047510863
18.7669841269841,5.48190476190476,8.67365079365079,8.38349206349206,36.5390476190476
12.3729712859187,7.00733458179325,7.9177590512102,8.82818352062716,54.5961298378443
12.3520202021346,14.6101010100769,10.5722222222884,15.3898989899231,62.5904040409038
44.4008528784648,29.5053304904051,9.88486140724947,13,54.1940298507463
43.6647940074293,50.3352059925707,13.4850187265973,13,48.7047440698363
24.067303863036,46.890083632247,13.7431302270154,15.932696136964,25.067303863036
11.9085271317829,43.7674418604651,21.9720930232558,20.493023255814,24.831007751938
18.823161189369,32.5297339593021,32.8239436619598,24.3528951486711,25.6471048513289
22.6577241225022,29.1744913928106,28.510060362185,24.8322155153128,25.1677844846872
51.2085048010974,25.1138545953361,33.0631001371742,22.360768175583,31.082304526749
20.2124008992821,20,17.974085906989,23,26.8445154419341
13.1088628564864,20,16.4518991835328,23,17.7113951011968
13.3173431734317,20,16.9963099630996,23.3394833948339,46.9188191881919
30.0773454843218,36.7760252366683,18.0679985979629,23.4173384741361,73.2919733612946
43.1031662577042,63.8296529967702,16.5650192779572,28.9282626474902,44.735366281187
57.780701754386,27.0526315789474,19.9122807017544,11.4385964912281,26.1754385964912
41.228663445964,5.34943639292861,18.2318840579553,7.69887278585723,22.4186795491161
11.7462335216292,11.4924670432584,13.4477401129775,17.4477401129775,32.2532956682019
2.8010752688172,21.8198924731183,11,14.4408602150538,19.3790322580645
12.9848191214567,19.0151808785433,14.9696382429133,20.6030361757087,34.2299741603145
14.1716171617555,16,19.0497249725392,21.0970297029467,71.2910891088401
4.6,15.25,6.5,27.2,83.9
20.420182841048,13.137248007511,12.862751992489,16.0840365682096,20.3893577121397
12.8815049226651,16.6552977027563,9.34470229724372,14.576300984533,19.3842006563554
10.6188466947961,13.3867791842475,13.0773558368495,16.845288326301,93.6075949367089
17.6264090177114,14.2640901771145,14.7471819645771,16.4943639291542,75.8792270531343
16.442577030829,8.92903828195163,15.442577030829,18.6283846872193,76.6013071894646
13.7142857142857,14.8095238095238,12.8571428571429,9.28571428571429,82.3809523809524
11.3780313837545,14.0026945633374,12.252020922503,15.7506736408343,54.504041845006
18.2947761193585,19.8631840795723,16.2877280265241,18.0070480928344,65.5966003315514
20.072,22.53,18,26.47,68.722
15.6551440329316,18.6758847736547,18.6620576131726,26.0207407407231,57.6136625514855
18.6141257536812,16.6752799310579,19.2282515073623,20.0964685615797,67.5012919899567
28.4191176470588,64.1519607843137,26.3137254901961,37.9975490196078,58.9411764705882
28.6414509169323,57.0447680690045,25.0111920172511,36.1960625674105,60.1960625674105
27.1959277238444,44.3241639698304,21.8310409924576,32.1485976267642,56.1485976267642
25.7504045307443,31.6035598705502,18.6508899676375,28.1011326860841,52.1011326860841
31.784169956798,28.4890016920675,15.0616657266291,30.6520022560901,56.784169956798
45.8920849783402,35.7445008460035,11.0308328633314,40.3260011280047,70.8920849783402
60,43,7,50,85
