"energetic","enthusiastic","content","positive","accepted"
22,30,50,40,50
28.3625281098863,41.8882116227083,37.7160018937688,41.5951591904734,55.4320037875377
22.824180461276,38.412090230638,31.412090230638,39.8846316144661,41.175819538724
23.9364141639484,38.9682070819742,31.9682070819742,43.7774495738195,40.0635858360516
24.4839130871166,37.4128695303067,32.8967826174233,39.2419565435583,17.345173926135
40.0660517505155,40.7833972639176,40.981552515464,37.981552515464,65.6036894969072
40.5774151349183,54.5902086427941,56.3224540475491,53.3224540475491,62.5355091904902
37.5409565696278,57.5096206709046,59.2517866962238,56.8807036835642,48.6794942278728
31.8897842718891,28.1102157281109,35.7575253981559,36.9559137087556,26.9118274175113
27.368096798839,31.159516005805,25.1840483994195,32.9754676063855,22.0797580029025
28.5047931195937,25.4760344020316,25.7523965597968,26.7236378422347,19.2380172010158
57.021425098854,32.0391693867271,33.2313355093817,29.4235016320363,46.9253420375267
32.5527743013756,28.2200369510808,33.1100184755404,31.443649800393,28.4418618512774
22.593406593443,22.2514544279657,28.3160956690454,27.3290239172614,16.6321913380908
31.980056980074,32.7424166247885,30.5247192894292,27.8811798223573,21.0494385788583
36,36.7379227553095,37.2620772446905,26.1449269362858,35.6896137765476
39.7898824868449,30.3151762697326,37.0525293782888,42.5797649736898,38.6322943519786
32.5855728430323,30,35.9407961204332,39.2927864215162,28.9375631441153
28.7636159066875,28.387890721099,36.1515066277864,36,19.7696986744427
31.0572001527656,33.0284886682274,28.428666921276,32.1428889737587,32.1141774892205
34.9971195277006,35.7982717166204,35,30.7329492703601,41.1277644202212
26.7617063822895,30.8570238293737,35,29.6348941843053,25.2059656724263
24.9195678270998,23.9126050420602,35,31.3356542616799,19.5034813925198
19.3962126203988,23.3962126203988,29.8514202673504,33.306627914302,30
22.7269404002257,26.7269404002257,28.6023973499154,27.477854299605,30
26.0576681800525,30.0576681800525,27.3533744324803,21.6490806849081,30
34.9922165587626,31.9922165587626,36.9863789778345,35.9902706984532,36.9805413969065
31.8150571704237,28.8150571704237,31.4263500482414,32.0188214630296,29.0376429260591
26.1566979732834,30.0180425111319,32.8252595155847,30.5963914977736,23.7711319821889
19.6421862862691,32.7324223807212,36.6253913330097,30.0535155238558,19.4281241908461
29.1118369222619,37.6798188025132,32.2719275210053,28.791655724775,45.7192752100527
34.0340873626108,32.2229029163206,29.9659126373892,42.1083883347177,21.6687087489617
27.1028978304161,33.8224081929809,36.8971021695839,35.7103672280764,26.4672245789427
26.7640432517731,36.099394596563,38.3353513447899,28.068281075832,28.167675672395
29.4266834486949,23.137822529853,27.3555695405791,19.2844556324632,20.3555695405791
33.7559449311689,34.9862327909903,21.8385481852272,27.2165206508117,23.5944931163961
25.5088503486721,32.40901573396,29.0547559449119,30.309181119248,22.563606293584
23.6093684998479,31.8697894999493,26.9114735003548,35.4791579997972,22.8697894999493
32,27.4271202457637,32.9680402282092,30.2135601228819,32.818399648909
30.6272761479054,32.2545522958108,38.2840951848817,34.6863619260473,21.6568190369763
28.5235396736728,28.0470793473456,35.654424592091,35.7382301631636,21.1308849184182
33.0967397899892,30.8225548424919,31.8145376312567,30.9032602100108,28.0080172112352
18.6746323530873,23.471047794198,27.4011948529631,22.8023897059262,16.4071691177785
16,21.0238172617077,29.9285482148768,26.8809136914614,14.9761827382923
16.3539915966491,21.1327731092771,32.8584033613404,32,16.0707983193298
21,23.3891298455096,25.6901599349514,25.3626999186893,22.3098400650486
20.8452324019053,23.7618592152428,27.7738379904733,26.3095351961893,11.0833731866626
20.3200109312043,19.5600874496346,30.3999453439784,27.3599781375913,14.7599234815697
15.41074611659,18.1473134708525,33.1473134708525,23.9844028520163,28.473134708525
29.7358399029696,28.2641600970304,36.9433596118783,22.7264402668337,37.9433596118783
28.1374339426506,29.8625660573494,30.5497357706024,27.1220566577108,31.5497357706024
26.5390279823316,31.4609720176684,24.1561119293265,31.517673048588,25.1561119293265
16.4442977191153,27,25.6946278511059,22.1389255702212,41.3053721488941
11.1986155117633,29.4018459843156,33.0023074803945,19.3972310235266,38.2009229921578
18.0478793459252,30.5976060327037,28.9640904905561,17.8047879345925,28.9401508175935
28.7999860138128,30.0600006993094,20.9000104896404,18.8799986013813,15.500017482734
23.493326742442,22.8833415719474,26.3766683143895,19.3633217992736,28.7132970834313
22.0578049401552,22.7109752992242,25.9421950598448,27.4797555386035,19.1734148204655
22.5917077574848,20.0414612125759,25.4082922425152,22.6746301826367,20.7751232724544
19.855404230644,17.3012009401431,22.2048037605724,17.9518014102147,24.0963971795707
28.5528093590456,33.9267424617094,36.1056187180912,24.1056187180912,38.5366287691453
24.4223374132229,22.5776625867771,26.5776625867771,16.2670122396687,42.5218190537199
25.4756348191504,21.5243651808496,25.5243651808496,19.4269044574512,38.8352781329736
19.9172794117282,19.479319852932,22.7189797793981,18.7189797793981,17.9914981616506
15.6289915966325,13.2862394957907,15.3992647058931,27.4311974789533,15.3144957983163
14.9236313772335,12.2442366067724,20.6412104590778,12.9236313772335,13.6793947704611
18.1672585352029,16.0284682910701,21.7224195117343,16.1672585352029,13.1387902441328
21,19.3951211552018,23.3951211552018,14.5349596149327,15.8024394223991
21,15.8454081632694,16.4637755101919,15.1545918367306,19.6908163265387
18.4866588971331,16.5026682205734,16,14.4973317794266,15.9786542354129
15.1434091885014,16.4860455131009,15.3147273508012,13.8286818377003,12.3426363245994
12.3379551820623,16.0069327730934,10.6620448179377,10.9930672269066,10.6551120448444
6.99955150602239,5.89959635542015,6.29941695782911,7.49977575301119,5.39982060240896
12.443560570311,10.7992045132799,13.3766287414043,10.2217802851555,7.5774242281244
13.2346716464302,8.46934329286034,11.9162776221464,13.1061313414279,9.55306567071397
15.8807854748143,11.5960726259286,15.6423564244428,13.8807854748143,28.0462837985143
14.7022956925606,16.2977043074394,13.2977043074394,13.2977043074394,18.6183655404849
14.1720447412866,16.8279552587134,13.8279552587134,13.8279552587134,14.3763579302926
12.0358022278778,16,16,11.0895055696946,20.1432089115113
16.8810152632525,16.7202538158131,16,11.6784771051212,22.237969473495
16.3117691521081,16.1558845760541,13.8897114401351,12.5323462718378,15.3573651682973
14.2609043617518,15.1304521808759,11.3261304521897,15.6086434573724,9.71748699481735
15.8654745480399,13.5964236441197,15.1734066761464,14.1539660640532,37.2884915160133
17.7337483141354,19.4009337068046,22.2678078638722,17.0665629214662,37.4674966282707
15.8196078431361,15.0941176470562,17.0039215686243,17.545098039216,33.6392156862722
13.8356836296799,11.3286327406402,11.91784181484,17.7535254445199,28.6854690374394
13.4479691876637,23.687815125982,11,20.0678921568228,31.3756302519639
43.679056237825,16.8855850032467,18.4465093729708,15.4465093729708,18.8930187459417
31.9094172081484,20.0241554111604,16.4849028680247,13.4849028680247,14.9698057360495
20.1397781784718,23.1627258190742,14.5232963630786,11.5232963630786,11.0465927261573
17.6925114873595,17.6911868195228,35.3863476425556,29.5400918988759,23.6925114873595
14.5875423467908,21.915152448447,18.1750846935816,15.1525254080745,18.610101632298
12.0508051387979,12.7828984996723,13.1016102775957,13.6304830832787,12.5219323331149
10.0419813494977,13.7900932525113,17.7061305535158,10.1259440484932,13.832074602009
22.1454750574907,20.0109200306617,12,12.5054600153309,15
17.1418591533081,17.3423248817643,12,11.1711624408822,15
12.1382432491254,14.6737297328669,12,9.83686486643344,15
11.1567791295882,15.6959739119852,13.6175843471911,12.2351686943823,21.4703373887646
18.1519255184155,22.3950063478804,13.4861616589297,23.9696148963169,41.6961489631689
20.9405114563821,29.6453297865934,22.4096366604226,23.4118977087236,36.1189770872358
20.1278875923028,27.6145680944929,24.0763787296619,21.7690946824155,33.2309053175845
16.9130489931766,10.6086570477636,15.1739020136467,22.7391469795299,31.3478040272935
19.8609462954493,18.4171611136522,31.3047314772464,25.0532481362898,37.2189259089855
19.4481524239079,19.6555427282763,29.2407621195395,19.2741339347106,28.963048478158
19.0353585523665,20.8939243429004,27.1767927618326,13.4950197331314,20.7071710473305
19.2552521008466,19.8198529411107,24.8198529411107,22.9369747898408,24.5646008402641
18,32.6510943360416,35.208754688333,29.2773584010406,38.6510943360416
18,32.1036177182714,30.8289417461711,15.5904429567848,38.1036177182714
14.4012116474699,13.3185460230362,10.5604846589879,31.018174712048,15.280242329494
31.0823340572221,30.8038900953702,37.2925125106295,35.2871305825559,37.8038900953702
27.6954039460369,26.766459926414,30.8730438969796,26.0710559803771,36.1776399509426
21.7812854872094,18.8177379060078,19.7812854872094,23.5625709744187,30.5990233932171
18.1713235294322,24.1328431373503,19.0664215686752,13.4475490196215,21.4475490196215
17.5959814093188,15.2020092953406,14.6060278860217,14,33.4040185906812
15.4305431669873,16.2847284165064,17.8541852495191,14,35.5694568330127
19.2618487394651,20.5078991596434,18.8307002801189,16.3385994397623,27.645602240951
17.2538286342428,17.1269143171214,24.3654284143931,19,16.7614859027283
18.4631735046917,16.9263470093834,18.6579337617293,16.3158675234586,17.9738012851878
17.4267739181213,14.8535478362425,16.0669347953031,11.1338695906063,10.2008043859094
16,15,10,13,22
