"energetic","enthusiastic","content","positive","accepted"
34,28,34,36,42
46.6231942214658,27.1256019261781,31.7504012841187,34.3132022472078,49.1256019261781
36.7997592295489,30.400080256817,33.933386837878,38.1334269662866,52.400080256817
41.9740761169902,25.8621070049291,28.0948703805452,36.1638168780807,40.9569773854743
29.8121484814041,21.1878515185959,28.0303712035102,39.406074240702,47.5393700787714
32.1462970457232,19.1707810603075,40.3658437879385,38.5121408336617,36.658437879385
27.1928369081561,24.6746256576044,39.2650748684791,32.4579117766352,25.6507486847913
28.6984732824427,22.8625954198473,21.3282442748092,32.0954198473282,26.5610687022901
23.8882870683173,26.333107650619,26.333107650619,30.1103588353966,35.8889641164603
32.5957320687462,32.5655008891421,29.5352697095381,35.0604623592081,36.505038529934
42,37.8499056009644,33.067652611708,40.3911264946282,36.4587791063362
42,23.2998741347184,33.9235368156048,32.6881686595568,29.6117054751616
54.4638752052268,28.7331691297192,37.9326765188769,36.2668308702808,33.9339080459827
35.4819376027104,27.6165845648653,33.4663382594613,37.3834154351347,37.8419540229714
34.7752808988764,30.9101123595506,27.0898876404494,32.1348314606742,45.2134831460674
42.6620879120552,20.4082417583007,26.1972527472331,31.3241758241103,56.1835164833986
38.4899797756955,26.4899797756955,22.2149292149343,26.8051112336746,38.6648280934119
37.4897959183644,25.4897959183644,18.7142857142755,32.3061224489957,30.1632653060976
59.3420523137554,38.0328638496906,28.1710261568777,52.687458081723,36.2401073104712
22.0216450216493,15.0865800865973,18.5541125541233,17.935064935052,32.4458874458767
25.0837636259186,29.4188181295931,28.6404666283683,20.5567030024497,37.6404666283683
28.2048192771084,45.0240963855422,40.0843373493976,28.8795180722892,49.0843373493976
55,56.8691000626476,19.2794210196592,26.0654499686762,57.5110132155965
65.6852300241842,31.4521791767434,48.3565375302303,44.5617433413947,62.0556900725526
56.5320552463082,32.5233972376846,38.485260770939,32.4384662955698,42.4471243041934
50.7072185764043,29.9106511863297,28.6178697627341,22.4416961130461,24.5012619888263
33.4626419604406,22.7991631799329,30.3144052600096,26.6288105200192,37.3144052600096
34.6325066612304,19.9116622258464,46.8091822095376,23.279155564616,29.8860422217692
27.9426111908178,24.3715925394548,31.1994261119082,34.428981348637,29.3285509325681
47.6652542375407,41.875302663597,46.3414043586133,51.8184019371615,49.9606537532503
48.2878228781848,31.9098576700409,26.7907221929027,28.8982604111693,30.7849235634669
56.2160130054479,21.695996748638,40.543995122957,32.413330623865,41.3680146311289
42.9504165820343,25.0123958544914,45.5185937817371,35.1769965454095,26.4442186547886
50.3600702575484,31.5111241217682,31.5866510538781,28.5111241217682,31.5866510538781
51.4991462717968,32.3682413203783,33.6448491747636,26.6841206601891,36.3289698349527
51.0886075949367,32.8481012658228,30.2784810126582,40.9113924050633,28.6835443037975
34.6931886678004,30.1155314446334,28.0924251557067,57.3068113321996,19.3928069117535
24.3319919516783,27.6109993293065,33.4439973172261,42.3890006706935,24.5560026827739
15.7995798319695,34.3094537814809,28.9636554621832,29.3271008403512,29.1090336134504
28.3710084033246,23.4523109244015,28.392226890758,34.4699579831782,30.8233193277261
33.7566539923803,22.4866920152393,25.6833242802717,31.9766431287063,22.269961977141
27.0308571428776,22.0822857143402,29.9279999999523,42.8148571427345,37.7222857141018
41.4952251023192,31.8349249658936,23.6261937244202,35.6698499317872,34.2960436562074
35.1338920288164,33.9553693237279,25.2165269927959,39.9107386474557,40.1272656402516
29.7121535181554,19.0767590618252,28.7889125799807,43.558635394505,61.11727078901
15.5847176079787,20.0764119601065,19.1694352159574,42.634551495212,12.4916943521278
34.9271597966532,22.7317899491633,24.3374741200664,48.9307359307703,15.9147374364541
59.5008469791437,28.8752117447859,29.9689440993871,37.155844155827,23.5940146809824
31.2249466950769,28.8752665246156,27.7750533049231,35.733475479795,48.0170575694362
59.5896032831737,26.2872777017784,26.671682626539,34.1231190150479,37.5896032831737
54.2739886652102,30.0082079343528,22.4191909321682,35.7178034004369,32.2739886652102
45.2058201058558,32.435978835983,22.9481481481187,38.1280423280339,29.9740740740594
23.9435215946316,34.6225913621474,38.433887043221,30.1322259135579,35
20.0187820147708,14.6833617909074,20.6833617909074,12.3604629102245,14.6833617909074
29.3073420603437,22.9398596091944,28.9398596091944,25.7772718649409,22.9398596091944
39.1593153389918,36.3186306779835,40.9321922316529,26.3745885451818,26.6135615536694
17.4785992217899,14.2178988326848,18.9143968871595,13.9143968871595,19.5447470817121
26.3733172594411,28.1973076151058,27.4066706851397,25.9119951778323,35.6919831224132
37.3035965440869,45.6857544705391,24.6741008639783,29.1910789632261,47.1687763712913
28.5843179377099,41.4156820622901,44.4489795917556,40.292158968855,33.7411385606106
37.1530612244492,22.1173469388769,47.988520408067,19.5408163266523,15.6352040816631
36.5148284551247,20,34.1581701879963,19.4752859081256,23.9110292692521
36.1001275509064,22.2002551018127,19.613520407996,22.7334183672709,36.7404336730817
56.7733887733888,52.6340956340956,43.7629937629938,44.04158004158,75.3451143451143
64.8148587235112,56.1424619640222,48.6524402291778,63.7549891325778,60.5099782651556
50.8413357044267,52.3803596127303,42.740565105719,62.6801027464944,58.3602054929887
51.6275510204848,54.530612244934,50.326530612335,62,67.7602040817183
32.3427075541997,29.3427075541997,39.5492894539908,19.1971578159632,53.8779356768909
41.2940912490781,38.2940912490781,43.2112191473501,33.8448765894006,53.0641735228111
50.245474943865,47.245474943865,46.8731488406721,48.4925953626882,52.2504113687395
32.6798561151079,26.7769784172662,39.2913669064748,54.9352517985612,34.5827338129496
45.3116883115335,44.6006493504752,51.6006493504752,55.7413419911807,43.1937229434198
45.3079456566276,36.1716755866546,41.9822972416591,40.242486620018,29.3433511733093
59.8653766982723,40.6508851379299,44.7818032112062,33.5236722931051,38.3017702758599
58.3615160350086,32.4460641400344,32.5860058310567,28.1428571430842,35.807580175043
60.792061253271,30.6361071932243,20.4678621801402,30.9480153133178,36.2202296997663
58.5998388071827,26.7997179125697,25.4003626838389,30.3999597017957,27.9993955269351
60.3274647887324,26.9577464788732,36.7640845070423,39.9823943661972,37.1584507042254
58.4478764478151,42.3841698842543,39.6158301157457,52.2799227798844,38.455598455399
50.7866821525327,39.8033294618668,56.0665892373363,55.4765776229368,77.4932249322709
52.8927603561811,39.2768099109547,45.5361982190943,43.3666279519584,62.750677506732
32.4504608296258,34.5414746544053,34.7983870968062,36.2569124424009,45.3398617512116
29.6941315944759,20,11.4101956135175,29.3858921161331,34.4611736811048
23.5472387037084,26.0360565951203,19.6106800547169,23.8233683249186,38.2624372432661
41.7550585729499,35.5537806176784,31.6112886048988,34.5825346112886,38.6762513312034
50.6553372277203,46.7727031333739,43.8295273500304,49.2878385556232,46.2310143389666
35.3051066580581,30.0594699418922,55.5423400129128,52.8390433096598,38.9069166128632
51.0958824667029,33.5329595979291,57.5089889812534,48.4790257104087,41.0239706166757
68.0823244551481,38.1882566586389,57.3765133172779,44.2784503632346,44.0980629540433
62.4421768706942,30.6899092970544,31.3412698412383,32.1706349206192,34.3100907029456
52.934110787223,53.7043731779306,75.7043731779306,72.5895043732844,66.3521865889653
41.3034013605442,33.6149659863946,55.6149659863946,48.2707482993197,56.3074829931973
46.966047405662,28.7796284433972,44.2966047405662,38.8347213325479,46.7584881485845
69.5331010453294,68.5609756097755,66.6550522648804,68.2055749128892,61.5993031359882
61.5523678522381,53.0648457456761,51.5885242680572,68.3790528591048,42.9351542543239
64.2247985851759,35.9612890548741,61.2092749066333,67.3100805659296,60.0387109451259
62.1204891142201,48.2770653146792,47.2988368624768,52.6024455711007,58.6650760512843
64.9447619047165,57.7034920635223,28.4069841270447,46.9447619047165,41.6380952382088
53.5192052980132,43.594701986755,32.5470198675497,43.3774834437086,39.9245033112583
39.6232734152655,28.6694418163963,38.7229895932153,38.2308420056539,40.9538315988692
41.0680564071658,52.8914776211133,36.2851011649392,45.4255058246962,41.3893316984006
58.7809664486078,62.8539776324052,37.8396286136701,57.1095167756961,70.6714496729117
55.3372019413479,60.5581346275653,51.0407258914997,58.8313990293261,65.5058029120218
39.360144057561,58.47539015606,60.52460984394,60.52460984394,62
47.5104956267926,26.5405247813098,33.8798833819312,26.7206997084131,9.45043731775819
54.2510204081633,33.6775510204082,32.2938775510204,36.2367346938776,15.3979591836735
60.9915451895339,40.8145772595065,30.7078717201097,45.752769679342,21.3454810495887
62.0044296788307,62.990033222631,49.9911406423386,53.9977851605847,49.990033222631
65.7746164158727,45.2726053925243,34.6815134813109,51.2267242663595,35.5438701028164
53.213913302584,46.0829733353172,36.7074333382929,54.8733800089272,46.0786533591231
40.6532101891668,46.8933412781183,38.7333531952957,58.5200357515322,56.6134366155375
38.070444706813,33.9862258953825,39.929555293187,51.0987800079108,45.451003541976
37,19,41,42,31
