"energetic","enthusiastic","content","positive","accepted"
30,60,35,45,40
49.9871854613396,65.7106244175256,60.6978098788652,53.5659366262884,48.5659366262884
55.597060939205,53.074709690569,63.074709690569,54.358236563523,60.641763436477
44.9235944805769,29.9235944805769,20.2292165582693,40.0764055194231,40.4584331165386
40,37.640699523103,36.3672496025858,43.8203497615515,40.0937996820687
40,53.227344992114,49.3561208267617,51.613672496057,50.4848966614094
31.3021199641175,40.9765899730881,70,40.6510599820587,45.8138249775734
47.5055383254922,64.376384581373,75.623615418627,65.623615418627,72.8118077093135
47.2764146017402,66.4786554756526,77.8404481747825,70,77.1595518252175
70,74.6911196911416,74.6911196911416,69.6911196911416,80
51.0270270271121,51.0270270271121,63.675675675704,46.0270270271121,73.675675675704
68.6202869536291,79.0801913024194,74.5400956512097,60,32.7594260927417
60.4421087754443,73.6280725169629,71.8140362584814,60,49.1157824491114
46.3278495887051,70,70,57.109283196235,60
71.7762356951788,70,75,75,68.2237643048212
78.4650579150518,76.1397683397929,79.6048262548447,79.6048262548447,69.2096525096893
75.6260617760533,87.4957528957867,88.12181467184,88.12181467184,86.24362934368
70,89.1499789944996,90,81.8700462121008,85.8500210055004
74.4767975523037,80.5232024476963,90,90.1046404895393,90
77.5855225855098,74.8289548289804,84.8289548289804,82.2434322434706,82.2434322434706
80,70,77.0006213110526,74.0002071036842,75.9997928963158
24.785761371473,37.7916941333592,55.7976268952455,46.9940672381137,56.9940672381137
75.7924972047593,81.5849944095185,90,85,90
78.6274434205922,87.2548868411845,90,85,90
80,86.2586308936713,82.5172617873426,81.2586308936713,82.5172617873426
70,82.137354746053,84.274709492106,84.274709492106,87.862645253947
77.7592752697184,85,90,86.1203623651408,85
88.8151712213117,85,90,80.5924143893441,85
82.1942794812991,86.5828384438972,90,85.6114410374018,87.8057205187009
36.1961411205742,65.3987137068581,60.6645228447634,45.9303319826688,55.6645228447634
60.7981709358289,73.599390311943,74.3323171865716,65.0652440612002,69.3323171865716
78.0951256934212,83.8097486131577,86.9048743065788,80,83.8097486131577
30.900900900837,40.4504504504185,59.5495495495815,71.3513513512555,55.4504504504185
48.4322001083532,54.6368001238323,63.4322001083532,86.204600015479,67.2276000928742
68.3621156973108,77.4138465112123,83.3621156973108,89.0517308139015,84.3103848834092
44.3064011380547,48.7257467995192,87.2096728307322,50.9354196302514,81.6290184921967
28.0145530145392,52.058212058157,89.0072765072696,68.0873180872355,70.9927234927304
22.7876712328767,60,65.958904109589,63.1712328767123,65.1917808219178
15.7267503724323,60.7267503724323,43.2703766759456,46.8168759310809,61.4535007448647
52.1878781767923,82.0835014119077,81.9791246470231,82.0835014119077,83.0208753529769
70,70.8437996820492,90,35.0627980922951,76.2656995230738
70,76.6887917329283,90,70.13275039757,85.0331875993925
76.2653562654149,80,46.1425061420961,80.6019656018777,83.7346437345851
21.0679505416739,30,53.5922967499567,37.8640989166522,67.8640989166522
26.4598866107363,34.379659832209,37.2994330536817,32.9197732214727,61.4598866107363
29.3151988194991,42.9455964584974,51.5759940974957,38.6303976389983,64.3151988194991
76.060374891085,76.060374891085,73.939625108915,72.6264167392767,44.4452920660216
34.0913135358663,47.3378934490664,49.6757868981329,49.0913135358663,71.7534200867998
53.6910591047262,63.426379303676,63.426379303676,58.1616995026257,64.7353201989497
71.4777680906771,78.8259226968924,81.1740773031076,58.2592269689236,62.3481546062153
24.7711328349215,39.7711328349215,38.0281771132287,27.8286371477952,58.2570442783072
13.1513744267184,28.1513744267184,21.3027488534368,26.3027488534368,43.9082465603105
11.0304594882991,26.0304594882991,17.0609189765982,22.0609189765982,31.1827569297945
26.8885414340936,29.2221353585234,19.2221353585234,28.4442707170468,37.6664060755702
25.7527314547951,24.2472685452049,55.8872915465781,35.7527314547951,78.4945370904097
23.6835712116867,26.3164287883133,30,24.4746431824699,67.8985727298795
29.2658669905605,20.7341330094395,30,16.1011995141593,34.4047980566373
22.4102460669344,34.8204921338689,29.8204921338689,42.9487696653278,72.4102460669344
15.2610302610218,29.7389697389782,29.7389697389782,20.2610302610218,44.2169092169345
18.091938091932,26.908061908068,26.908061908068,23.091938091932,35.7241857242041
22.5109993714541,32.5329981143622,35.0439974858163,42.5769956001786,37.5329981143622
69.5081478537005,40,79.617448330656,35.2732511923886,79.617448330656
38.2796406722,78.31991016805,78.31991016805,74.4265468907333,74.4265468907333
72.4452102532701,86.8613025633175,86.8613025633175,85.8150700844234,85.8150700844234
20,20,30,25,30
56.8371597405973,50.1394943332159,56.7906616295253,35.046498111072,56.7906616295253
70.6996574038631,71.4505138942054,65.6996574038631,37.8498287019315,63.5494861057946
65.1016368480915,79.8475447278627,60.1016368480915,35.0508184240458,55.1524552721373
83.7548262547879,86.2451737452121,87.5096525095758,86.2451737452121,83.7548262547879
84.1899613899844,80.8100386100156,89.1899613899844,70,87.974903474961
78.5119691119875,86.4880308880125,83.5119691119875,70,73.7799227799688
75,90,83.4616808589191,76.9233617178381,75.3850425767572
80,88.0860342414256,78.8279315171489,81.1720684828511,81.1720684828511
66.4122946476068,74.8092209857051,85,71.6030736619017,75
44.1456582633053,58.109243697479,85,66.0364145658263,75
17.2927275101344,70.8290899594625,60.8290899594625,25.7318187753359,71.9754537145297
10.3136469802739,25.3136469802739,15.3136469802739,15.6272939605477,25.4181959736985
21.0841349824674,33.3131012368505,37.1682699649347,31.6262024737011,41.6262024737011
30,37.1284969179254,56.4357515410373,42.1284969179254,50.6927453768881
64.6959459462336,56.0219594596752,73.0109797298376,61.0219594596752,70.3589527029544
50.9265640142904,74.0122393309516,65.9877606690484,56.9755213380968,61.9755213380968
66.7616022396214,71.3730662933964,68.6269337066036,62.2538674132071,67.2538674132071
75,45.9652509654269,86.0231660230487,32.9536679539026,70
72.5094720888361,75.0189441776721,82.5094720888361,82.5031573629454,80
75.9186152444685,90,90,87.0406923777658,82.0406923777658
70.336319465539,90,90,89.8318402672305,84.8318402672305
79.3805484316355,90,90,90,87.3451371079089
73.9089021636148,89.2726014424099,79.2726014424099,89.2726014424099,82.8178043272296
65.8740074306003,83.9160049537336,73.9160049537336,83.9160049537336,66.7480148612007
73.8222273999247,82.3037045666541,76.9111136999624,77.6962954333459,64.2148182666165
75.0887695513167,89.73369134605,85,85,80.1775391026334
77.2465299175478,83.2604102473564,85,85,84.4930598350957
79.404290283779,76.7871291486629,85,85,88.808580567558
79.0085123027984,75.9914876972016,84.5042561513992,84.5042561513992,89.5042561513992
77.6389069979749,77.3610930020251,83.8194534989874,83.8194534989874,88.8194534989874
76.2693016931514,78.7306983068486,83.1346508465757,83.1346508465757,88.1346508465757
74.8996963883279,80.1003036116721,82.4498481941639,82.4498481941639,87.4498481941639
73.5300910835044,81.4699089164956,81.7650455417522,81.7650455417522,86.7650455417522
72.1604857786809,82.8395142213191,81.0802428893404,81.0802428893404,86.0802428893404
70.7908804738574,84.2091195261426,80.3954402369287,80.3954402369287,85.3954402369287
80.2406064601448,74.7593935398552,83.4135354867149,80,74.7593935398552
81.5506975658082,80.3479073025753,85,80,80.3479073025753
71.6711002340571,81.6684400936228,85,76.6684400936228,78.3368801872457
58.6310917215971,76.4524366886388,85,71.4524366886388,67.9048733772777
76.3312817768689,83.6687182231311,80,73.6687182231311,72.6625635537377
80,70.9694477086482,80,65.4847238543241,80
58.7258133313577,70,74.6814533328394,67.6592733335803,77.3407266664197
49.5306467179741,70,73.1768822393247,66.8231177606753,71.8231177606753
45.140079103592,30.2241265657471,70.0560316414368,55.0280158207184,74.9439683585632
69.1395209356419,70.8604790643581,84.1395209356419,61.7209581287162,75.8604790643581
66.3832140045755,73.6167859954245,81.3832140045755,67.2335719908491,78.6167859954245
25,45,70,45,55
