"energetic","enthusiastic","content","positive","accepted"
71,28,27,60,15
63.8089192708333,46.9583037405303,39.4209576231061,35.1580847537879,21.5373461174242
67.3254042288557,67.6745957711443,28.1167599502488,20.8605410447761,36.791355721393
67.4574771689498,65.6732305936073,27.7582762557078,23.6078767123288,26.9543378995434
65.2269715043075,65.5567428760769,26.7837143803844,31.5353711066932,30.2162856196156
63.3970344599072,65.0992586149768,24.496293074884,39.3126035453943,32.503706925116
76.3340909090909,52.7528409090909,29.9176136363636,42.9107954545455,20.1647727272727
81.5249032331512,38.3541382058288,20.4181750910747,54.1707650273224,21.5391336520947
62.1259842519685,22.5748031496063,10.9061679790026,78,42.249343832021
52.7911646586345,34.953313253012,31.3022088353414,36.976656626506,13.976656626506
66.5731932153392,60.5554326450344,32.7066740412979,50.6399336283186,37.9865412979351
91.3092378410439,80.2484430604982,27.817615658363,56.7180456702254,68.5911921708185
56.4130434782609,54.9420289855072,18.8088768115942,61.6177536231884,63.7201086956522
45.2667151162791,48.2000363372093,31.7778585271318,60,70.3111070736434
60.2095851216023,59.4071888412017,56.1820457796853,59.3676680972818,67.616773962804
56.700927734375,41.3056640625,37.8603515625,56.93017578125,2.59814453125
64.036231884058,75.3007246376812,17.6268115942029,17.5797101449275,30.8025362318841
66.5374773550725,61.5438745471015,26.3811707427536,57.5996376811594,68.9465296648551
75.8158185840708,63.9386061946903,13.8396017699115,55.8357300884956,58.8396017699115
54.6482895359849,40.4673887310606,24.5675603693182,66.6381983901515,32.5527935606061
46.1497395833333,31.3151041666667,73.59765625,65.3307291666667,27.3229166666667
74,70.9311079545455,64.7402935606061,40.8250473484848,74.5724431818182
74,62.3166579588993,43.3837077673285,70.6333159177987,69.4167102055033
74,62.7975661790317,22.7046543016371,71.5951323580634,67.0121691048415
62.1555555555556,45.2333333333333,43.6111111111111,37.6511111111111,59.4855555555556
64.7214349977508,75.5831927575349,68,86.7114260008997,32.6232287449393
77.1432748538012,33.9700292397661,68,81.7426900584795,60.5723684210526
68.8669724770642,54.5074541284404,68.9458142201835,20.3595183486239,81.6748853211009
60.7086720867209,55.1771680216802,46.2146002710027,59.8365514905149,67.4173441734417
46.9982860520095,45.5442080378251,38.0901300236407,65.1819739952719,48.270390070922
55.3207364341085,38.3338178294574,35.9985465116279,50.6778100775194,37.3323643410853
46.0642605633803,69.7614436619718,50.5228873239437,79.9857198748044,39.4699726134585
40.3258869908016,47.1629434954008,32.4524748138414,46.9005694261936,35.8190976784932
36.2147222222222,43.9475,38.3197222222222,22.3022222222222,19.2905555555556
64.7127799736495,46.7473649538867,51.5638998682477,43.1383399209486,69.8338274044796
76.0375171703297,40.3024553571429,79.6100045787546,66.6475217490842,78.1324690934066
83.8574660633484,22.7126696832579,74.1165158371041,73.7726244343891,64.5135746606335
73.0516636141636,63.920177045177,23.7747252747253,63.0235042735043,68.0235042735043
82.044481155164,59.1368697993147,63.8152227116985,63.1787812041116,66.269456681351
65.149137298091,67.9224486049927,12.4533773861968,10.4653083700441,9.50110132158591
69.3062678062678,17.8518518518519,19.9045584045584,84.2008547008547,44.4401709401709
61.3476412835249,45.4605184386973,43.6343390804598,69.5733955938697,67.1648108237548
67.9601293103448,58.0242456896552,59.5043103448276,88.0883620689655,81.7122844827586
66.6156506147541,83.0487107240437,20.6712773224044,86.2313012295082,29.9547472677596
68.4809236947791,66.8184962070504,34.3248549754574,74.3630075858992,82.11791610888
62.9359939759036,62.5057730923695,31.8604417670683,82.988453815261,67.9475401606426
60.0884009009009,57.8140015015015,54.8507882882883,59.3628003003003,88.6371996996997
65.9377530364372,57.8570133265857,58.043754217274,82.2237263832659,86.5963014507422
77.1174089068826,68.5708502024292,35.2186234817814,71.9757085020243,84.2672064777328
86.4111712598425,76.88156167979,14.059219160105,59.6408300524934,82.4333169291339
62.7015841142347,30.1492079428826,9.98209504685408,83.5464078536368,10.9880633645694
31.8964190093708,45.5517904953146,8.13378514056225,36.7225568942436,9.75585676037483
47.7746212121212,53.3825757575758,23.9829545454545,8.80871212121212,73.6969696969697
23.5216312056738,37.514804964539,72.7767730496454,60.1343971631206,47.7676418439716
11.2525167785235,36.5494966442953,57.371644295302,58.8020134228188,51.4848993288591
10.2460416666667,50.7064583333333,42.9841666666667,52.6388541666667,48.8014583333333
38.3752093802345,57.0134003350084,19.8659966499162,19.3592964824121,50.3726968174204
40.1731998654105,45.8175471063257,23.6443472409152,47.9838492597577,66.3395020188425
12.6428303303303,24.7850975975976,28.3564189189189,60.7835960960961,60.4975600600601
9.29229797979798,11.1231060606061,7.4614898989899,45.092803030303,11.8308080808081
8.38283378746594,8.59570844686649,10.191416893733,6.1699591280654,40.9390326975477
6,7.52911543715847,8.24658469945355,10.3817452185792,80.5600239071038
7.89396766169154,5.3711131840796,3.89396766169154,10.6288868159204,8.89396766169154
8.08602240228789,11.6457697807436,2.275512392755,4.19679456625357,8.96794566253575
12.7365745154115,10.8560533841754,2.88973625675246,4.63552589768033,13.3552589768033
17.3871266285351,10.0663369876072,3.50396012074992,5.07425722910709,17.7425722910709
22.0376787416587,9.27662059103909,4.11818398474738,5.51298856053384,22.1298856053384
26.6882308547823,8.48690419447092,4.73240784874484,5.9517198919606,26.517198919606
31.3387829679059,7.69718779790276,5.34663171274229,6.39045122338735,30.9045122338735
35.9893350810296,6.9074714013346,5.96085557673975,6.82918255481411,35.2918255481411
40.6398871941532,6.11775500476644,6.57507944073721,7.26791388624086,39.6791388624086
45.2904393072768,5.32803860819828,7.18930330473467,7.70664521766762,44.0664521766762
49.9409914204004,4.53832221163012,7.80352716873213,8.14537654909438,48.4537654909438
54.591543533524,3.74860581506196,8.41775103272958,8.58410788052113,52.8410788052113
56.855869001297,4.58479247730221,8.53388456549935,9.27966926070039,53.3642996108949
64.3984375,9.58723958333333,6.83984375,4.42708333333333,9.48046875
85.4528985507246,5.23492286115007,5.11746143057503,60.4761570827489,7.11746143057503
36.7330892608089,73.8543410041841,8.07208856345886,98.0720885634589,81.7408472803347
21.0635775862069,4.75808189655172,26.4983836206897,8.27424568965517,10.2095905172414
55.2110570236439,37.5981108020399,5.68610917941585,9,54.5249478442281
49.0723606168446,38.1743772241993,7,6.93119810201661,50.6927639383155
11.828781512605,4.86186974789916,7.43093487394958,8.27626050420168,91.1546743697479
16.032325634058,6.66193953804348,7.11741394927536,17.6942651721014,75.9069859601449
31.6651098278986,7.59990658967391,5.86679121376812,34.2650164175725,50.2692198822464
47.2978940217391,8.53787364130435,4.61616847826087,50.8357676630435,24.6314538043478
50.8927886783942,8.05218200270636,3.36812133513757,48.57400202977,36.9592072620659
42.7967410915652,6.18386332882273,2.12257555254849,28.0224966170501,86.1582656743347
10.3616803278689,33.2761270491803,9.97873975409836,94.3616803278689,90.6808401639344
76.5168280313509,31.9589672660212,10.5401106500692,85.6184877823882,9.81996311664362
21.7731097279852,14.1354310742278,12.449775242047,59.5197383586906,9.18340825265099
24.8412322274881,19.925355450237,6.08412322274881,7.25236966824645,5.45793838862559
59.5272822057461,90.5454703429101,93.600015446401,89.7818195860364,6.97272744825456
48.0108897126969,71.3514828544949,74.8325610132839,88.075687364844,6.7594609206055
36.4944972196478,52.1574953660797,56.0651065801668,86.3695551436515,6.54619439295644
24.9781047265987,32.9635078776645,37.2976521470497,84.6634229224591,6.33292786530738
13.4617122335496,13.7695203892493,18.5301977139327,82.9572907012666,6.11966133765833
95,93,5,8,94
