"energetic","enthusiastic","content","positive","accepted"
44,16,23,20,19
46.3704986149584,19.7250692520776,19.6135734072022,20.3386426592798,20.0159279778393
48.7409972299169,23.4501385041551,16.2271468144044,20.6772853185596,21.0318559556787
50.9515789473684,28.1136842105263,13.6778947368421,21.92,22.6294736842105
49.9613778705637,50.8110647181628,27.9269311064718,39.3820459290188,35.2703549060543
49.4509394572025,61.5302713987474,40.1774530271399,31.2150313152401,38.8434237995825
47.632,66.554,46.668,24.228,40.86
37.9083215796897,32.3244005641749,13.7785613540197,25.8377997179126,31.935119887165
47.5641748942172,35.7729196050776,22.0550070521862,24.1135401974612,31.2454160789845
57.2200282087447,39.2214386459803,30.3314527503526,22.3892806770099,30.5557122708039
49.1666666666667,38.7521367521367,42.2777777777778,22.2179487179487,32.8418803418803
38.043795620438,35.4598540145985,36.8613138686131,27.6496350364963,31.5255474452555
54.8706986444213,37.4994786235662,18.5046923879041,32.7486965589155,23.8769551616267
48.7667210440457,34.3882544861338,15.8058727569331,30.0872756933116,21.0970636215334
35.2055464926591,29.6019575856444,18.1990212071778,24.9021207177814,19.9004893964111
31.1336405529954,27.1152073732719,19.4423963133641,24.9032258064516,20.6728110599078
35.0302713987474,30.2536534446764,21,28.4029227557411,31.955114822547
48.812108559499,27.7014613778706,21,26.3611691022965,28.3820459290188
45.8358208955224,26.6082089552239,21,26.2164179104478,27.8246268656716
48.1946902654867,50.787610619469,45.6371681415929,52.4867256637168,48.5398230088496
56.4141274238227,56.7493074792244,33.6731301939058,61.6648199445983,64.2451523545706
61,59.4980079681275,27.2430278884462,61.2549800796813,58.7689243027888
55.8795180722892,51.8795180722892,21.6827309236948,48.7088353413655,61.3433734939759
41.1506024096386,37.1506024096386,23.6465863453815,33.4889558232932,42.1957831325301
37.8337874659401,34.6621253405995,31.4196185286104,31.4904632152589,36.0408719346049
59.8188010899183,59.3119891008174,52.0722070844687,58.8051771117166,58.6920980926431
47.0527817403709,45.358059914408,38.4878744650499,42.5335235378031,40.9686162624822
28.6472727272727,26.9854545454545,18.3090909090909,26,26.0072727272727
43.7009132420091,26.2218417047184,20.0932267884323,26.4855403348554,30.7427701674277
51.5159817351598,29.7572298325723,23.2564687975647,24.9969558599696,29.9984779299848
59.3310502283105,33.2926179604262,26.4197108066971,23.5083713850837,29.2541856925419
67.1461187214612,36.8280060882801,29.5829528158295,22.0197869101979,28.5098934550989
74.9611872146119,40.3633942161339,32.7461948249619,20.531202435312,27.765601217656
82.7762557077626,43.8987823439878,35.9094368340944,19.0426179604262,27.0213089802131
60.8161764705882,58.4485294117647,30.5955882352941,56.4485294117647,60.3382352941177
60.3337969401947,44.3435326842837,24.3379694019471,45.0083449235049,40.3477051460362
40.2833193629505,39.9019279128248,26,32.9128248113998,23.0762782900251
50.940486169321,36.2129086336966,26,29.6336965632858,25.9455155071249
61.5976529756915,32.5238893545683,26,26.3545683151718,28.8147527242246
44.3594009983361,27,23.0299500831947,19.1048252911814,18.2246256239601
54.1231281198003,27,23.8435940099834,21.9525790349418,24.3269550748752
63.8868552412646,27,24.657237936772,24.8003327787022,30.4292845257904
58.8498845265589,28.9607390300231,26.9607390300231,24.0392609699769,25.1570438799076
71.0348525469169,55.8699731903485,58.1085790884718,54.2734584450402,45.4664879356568
38.260053619303,27.6836461126005,31.2332439678284,22.8096514745308,20.5576407506702
30.6199095022624,23.4615384615385,20.3800904977376,21,24.3212669683258
30.7176350662589,35.4352701325178,21.3588175331295,21.7176350662589,30.8470948012232
31.7145769622834,37.4291539245668,21.8572884811417,22.7145769622834,27.8562691131498
41.4770318021201,43.9929328621908,23.6749116607774,32.2226148409894,39.5724381625442
45.435092724679,23.6348074179743,26.5392296718973,28.8958630527817,21.5477888730385
27.9957203994294,22.2396576319544,20.9586305278174,17.037089871612,23.6405135520685
58.6519823788546,24.136563876652,19.9691629955947,20.7577092511013,23.1674008810573
57.6774193548387,20.4838709677419,22.1612903225806,22.9354838709677,21.5161290322581
59.7127991675338,17.4308012486993,21.1436004162331,26.4973985431842,24.5691987513007
28.868544600939,27.2347417840376,20.2206572769953,21.2065727699531,23.5586854460094
22.5,21.75,24,22,19.25
21.1416666666667,23.7875,21.2833333333333,24.7166666666667,22.6458333333333
26,21.9955752212389,22.0929203539823,14.6327433628319,20.4557522123894
26.048275862069,23.5241379310345,23.048275862069,22.7531034482759,19
19.3034482758621,20.151724137931,16.3034482758621,15.3337931034483,19
29.991927346115,26.9434914228052,22.9596367305752,21.991927346115,22.0807265388496
29.4984863773966,23.489404641776,20.4924318869828,21.4984863773966,27.0151362260343
29.0050454086781,20.0353178607467,18.0252270433905,21.0050454086781,31.949545913219
30.1168831168831,27.8181818181818,22.3506493506494,21.3506493506494,20.9350649350649
43.3739495798319,33.6008403361345,23.4033613445378,22.4033613445378,31.1932773109244
54.9285714285714,31.5,20.5714285714286,20.2142857142857,32.7857142857143
31.9646201873049,23.1238293444329,27.8938605619147,24.8938605619147,29.9469302809573
30.9469302809573,26.6857440166493,24.840790842872,21.840790842872,28.420395421436
29.0769230769231,30.7692307692308,22.3076923076923,21,27
30,21.660447761194,20.0373134328358,19.6791044776119,25.9626865671642
26.5333333333333,19.7,24.4333333333333,20.1333333333333,22
24.0082644628099,21.6818181818182,24.6652892561983,20.3388429752066,22.6694214876033
38.1394422310757,37.3545816733068,29.2988047808765,27.4900398406375,25.5418326693227
45.5462068965517,47.2731034482759,32.9475862068966,38.3544827586207,33.4593103448276
25,33.12,23.605,27.97,32.545
43.302752293578,25.3761467889908,29.9174311926606,28.9174311926606,34.3761467889908
40.5269709543568,27.5131396957123,26.3817427385892,25.3817427385892,27.789764868603
22.4069264069264,25.034632034632,21.4069264069264,28.1168831168831,21.1861471861472
30.195020746888,27.9170124481328,27.5560165975104,31.3609958506224,27.7365145228216
32.5381526104418,30.0763052208835,23.0803212851406,30.4618473895582,25.2329317269076
33.3025210084034,30.6974789915966,19.2100840336134,27.5798319327731,24.1176470588235
26.9279279279279,30,22.7072072072072,22.7072072072072,22.6351351351351
39.4831460674157,31.1910112359551,23,23.5955056179775,20.5955056179775
36.3984962406015,33.5112781954887,25.2669172932331,28.5338345864662,36.1127819548872
38.8098055790364,32.2079459002536,27.4336432797971,25.3406593406593,37.7743026204565
46.6635672020287,30.1411665257819,29.0870667793745,19.967032967033,34.0540997464074
33.4096385542169,29,30.8795180722892,27.5542168674699,36.3975903614458
28.134693877551,35.0489795918367,27.1959183673469,28.9632653061224,30.134693877551
51.4297520661157,37.0082644628099,33.6942148760331,43.0578512396694,34.0165289256198
60.1379310344828,35.1379310344828,31.2758620689655,32.8275862068966,39.816091954023
34.7610241820768,37.4537695590327,31.5220483641536,50.9075391180654,29.7951635846373
29.8918918918919,26.3243243243243,21.7837837837838,28.6486486486486,25.6216216216216
25.8470149253731,28.1753731343284,29.1753731343284,26.839552238806,30.8320895522388
58.672,58.9706666666667,38.224,36.568,57.9253333333333
64.54,67.4466666666667,40.18,50.26,57.2733333333333
62.0615384615385,59.5923076923077,63.0115384615385,58,65.3576923076923
59.9508196721311,58.8032786885246,49.3661202185792,55.4644808743169,59.3661202185792
61.5540983606557,65.2163934426229,48.2972677595628,51.1890710382514,58.2972677595628
64.3142857142857,54.9142857142857,56.1428571428571,58.3142857142857,62.3285714285714
52.8577362409138,42.0996884735202,42.0996884735202,47.8452751817238,66.0996884735202
29.4994807892004,29.9127725856698,29.9127725856698,26.0103842159917,53.9127725856698
35,33,28,30.5,46.5
48.241426611797,35.5761316872428,41.0973936899863,34.6227709190672,52.4787379972565
59.6447187928669,51.6748971193416,48.4759945130316,47.3676268861454,61.19890260631
35.4034334763949,37.6051502145923,32,31.274678111588,37.4034334763949
34.8953974895397,36.9456066945607,32.2050209205021,24.8953974895398,37.3054393305439
47.8535564853556,56.7238493723849,32.8870292887029,37.8535564853556,51.6276150627615
47.3032258064516,41.0494623655914,37.4860215053763,43.4086021505376,67.4086021505376
37.5593667546174,40.2994722955145,40.0554089709763,41.787598944591,58.2282321899736
56.9129287598945,56.4274406332454,58.1187335092348,54.0448548812665,51.131926121372
39.2467532467532,47.1428571428571,41.4805194805195,42.2077922077922,46.7272727272727
52.8471428571429,35.9042857142857,32.3014285714286,35.3157142857143,40.9185714285714
27,38,33,43,50
