"energetic","enthusiastic","content","positive","accepted"
33,27,26,84,50
40.4279654925145,42.4279654925145,70.2651329978613,73.1565780014258,78.1565780014258
18.4625589737046,25.776935042279,38.1766188022687,45.3023692296984,50.8338068365559
29.8412575995652,37.4490518105454,35.8891661377786,48.3053261959051,48.4490518105454
31.7085339375016,31.0402624374889,57.7584253750666,65.2512036250095,68.7536108750286
36.6924728466799,35.5933947966657,28.4066052033343,60.1867895933314,63.7254988633512
44.9690990341107,35.0037081159067,29.0580938158719,59.0024720772711,75.0049441545423
38.3685967885589,35.7957683853729,41.4670380375092,59.5305122569153,76.0610245138306
31.7680945429478,36.5878286548463,53.8759822592582,60.0585524365642,77.1171048731284
25.167592297396,37.3798889243125,66.2849264808955,60.5865926162083,78.1731852324166
43.4552736983007,55.2005340454205,79.1273698264401,68.4275033377952,82.9092122830501
70.0767279724014,77.3373981708299,96.6747963416598,78,87.3373981708299
77.7442525863116,72.6189214853467,87.2378429706934,78,82.6189214853467
71.2922684790871,77.1384876806086,77.5384451996196,77.1076890399239,79.1076890399239
39.2284175509619,73.5182955806033,67.1566608585544,83.4699825756631,46.7481387615709
21.1595974119301,57.0984902947377,78.2207045291224,82.10639827462,81.3271028037424
32.4791614042746,48.9821383465211,88.3757442355616,80.8091509399727,88
26.3700771331787,80.3110231399536,75.6220462799072,17.4291311264038,83.5462596416473
68.8141196927033,87.7551810987127,89.2124346369105,84.1651559124458,87.0265543296138
81.488167533943,81.7199202219319,74.7278085326366,95.6321515783294,85.2159760665796
46.5545706148652,29.7447755805413,41.0200553527035,45.380409931352,54.6516786329736
62.7861522837824,21.3255987350463,60.3023949401852,49.8047153196713,72.6140713983148
25.7685019733927,15.257131471048,36.0285258841919,27.3513864428775,31.3484940031262
18.2911041881812,20.7746625129087,17.2472597207879,31.8136610135784,38.8246221304267
12.1489737278475,16.9809847898065,22.3359778760821,79.2060193584281,73.7210677544985
20.9447489972713,22.0732757352623,29.742946524018,72.7249217914843,51.037226270195
15.044273142803,27.7389317142992,63.4435159287168,73.7931305000237,68.8129817858665
30.4537787263339,10.9062726651662,21.9321341983319,47.6793833019993,45.239177735999
23.9929437376356,7.38542956873435,13.9271478436718,26.1457043126565,22.9929437376356
10.1987285924442,9.99364296222096,19.4165282982255,8.21144266800227,11.1860145168861
10,10.8100270765964,11.7598916936144,21.2401083063856,24.7941741638094
9.30182038675074,7.60364077350148,18.3018203867507,11.207281547003,62.5455096687685
8.05731384206054,5.11462768412107,17.0573138420605,6.22925536824214,31.4328460515134
6.22115826577437,1.15041366634799,8.21223379827914,7.61057913288718,9.53091006596557
20.9861753388053,17.6530980177164,30.311572292564,30.6477217605851,22.9877114122714
41.5948161562834,37.8800973385744,62.7510995052609,58.8891925104624,41.3065032500297
58.5744526270562,56.5425184108764,81.0958026485393,77.6383210594157,59.3297447244045
62.9563771303495,69.5697636063894,64.1293705332279,82.4084249587854,61.0755909840266
38.3023364486998,64.3794392523579,77.7539719625606,75.271728971992,74.0514018691054
27.835402914847,33.596300895203,38.0528396834166,60.3043591921424,62.4565387882136
19.0671197961075,39.7833474937111,53.6117247239508,36.112149532636,40.5972812233549
29.7932111729453,56.7242203087228,62.4827522839444,48.7244040743354,50.7244040743354
48.6395135288502,70.2348691996182,68.3837081173101,77.0860302819262,76.5325470350021
50.5833064780838,86.0078150176796,76.6419191106811,85.3229133097605,86.9882774734805
4.89931800958273,60.9311063398381,41.1324703206726,52.0938620862445,59.2952260670791
0.129830765337557,16.2171634250396,5.95750189436448,9.16847688803801,25.9088153573629
28.5054610967157,58.9424614345213,63.206846075891,58.2876928273933,15.7356153586303
57.247902864266,72.4505252286752,66.0715041439488,67.5685316270895,74.3659092626803
22.7623246090431,38.5595259088872,36.9371363076399,60.433584401871,66.6363831020269
20.0040248311784,39.0040248311784,45.2662528136931,62.3306501125477,68
17.9508753455301,22.6211135975072,14.6877451625788,38.0982493089398,63
17.3294984862446,43.1265499539275,23.3870211925753,39.3410030275108,63
10.0922118380335,42.2161260766453,28,36.3429356789589,63
0,21.3690657148039,23.9333536005804,26.4976414863569,62.5642878857765
0,9.79567720229995,10.9711584665759,12.1466397308519,61.175481264276
0,0,2.84732584626067,10.2503730465384,65.4099191078953
12.0172319419386,9.91384029030714,11.8966083483686,0.0603117967850043,73.5002736837814
12.9742331785821,5.12883410708937,6.15460092850724,3.40981612503744,45.7472378211183
13.9312344152257,0.343827923871604,0.412593508645925,6.75932045328988,17.9942019584553
14.0703159769376,18.2701750480466,17.4648420115312,19.3027369827032,43.5677199231254
14.9090545148582,23.9520286034622,27.1147310151307,30.9712171620773,55.2966219854144
27.2906997611815,66.3102886566735,61.65300459698,56.3861731940041,65.071605074617
27.4882423876755,57.4960807958918,59.6536026529727,71.8346397347027,71.9843231835673
23.8482421006475,31.1912920933394,72.6465657913969,67.2827473668825,75.4948078920444
14.3472951769887,17.8750937989854,66.8194965549919,47.8404393204749,62.020942765483
16.5669065779044,49.5224334875134,57.4967952160695,53.8854155477741,56.0637017939739
31.5724209546282,68.5434525727769,48.6952411644303,59.4634941096202,69.5724209546282
16.2856875834692,43.3250734312875,49.4286248330616,51.3300667556581,68.7536982643491
3.04546031200328,24.0941768508691,80.6948027234272,67.0032562268625,72.5227301560016
43.4469918222167,71.2752628503678,55.4494742992645,62.3623685748161,77.3106016355567
11.2203827325125,59.8898086337438,72.8209294932445,62.7906287748419,80.300273380366
2.81700044503288,64.0914997774836,52.4127153665084,48.9850721596969,74.2978574607378
1.23952626490045,45.9312359006583,57.6197631324502,47.7067354172126,77.3952626490045
1.2584818974346,43.6866017435612,46.877228461519,52.6866017435612,64.6082521794515
0.331638262777769,23.2960417811109,32.9745739416665,32.2960417811109,39.1200522263887
0,15.0854383991962,69.1456160080383,53.4588901384243,86.7436848024115
0,16.1838057936178,58.1619420638223,46.5025633070874,83.4485826191467
0,17.2821731880394,47.1782681196062,39.5462364757506,80.1534804358819
0,16.1372319490908,37.412822151515,34.3790773163636,76.447693290909
0,10.760660343309,29.9453615879291,32.586886781103,71.9672169527575
0,5.38408873757561,22.4779010244106,30.7946962458585,67.4867406146463
0,0.00751713184222425,15.010440460892,29.0025057106141,63.0062642765352
1.85499262173971,16.6949335956573,21.492474176089,24.3625184456507,56.507525823911
1.14460921607601,16.716913824114,26.704649311582,31.2708216633539,58.566172351772
0.216790982442616,15.3251864736639,31.8076495965656,39.1572766492378,61.3496270526722
14.423974894099,45.0975273305346,55.403317584792,39.2644756356435,68.1181846398416
18.2720636178955,50.6605469399427,20.4571256888331,36.5539332881889,79.1262257565497
29.1355331961009,68.1628034826071,60.8933735632646,63.1090811460245,79.7297518442278
63.0896917281459,83.2724229320365,70.818524201459,70.4547356674772,79.0909471334954
23.5018302184012,24.3742211841875,5.20981308420499,27.0944704052475,22.8147196263075
38.3010215171548,21.3610084764549,32.2860247773297,36.3310149968048,39.1205172789273
69.080851988737,33.4863962379873,67.7294659264244,57.7836241133621,63.8376538697433
35.7450847326473,34.3996975220091,35.7450847326473,43.8476557955702,39.146294644611
17.6451253185895,20.2259053738788,7.96778090486134,26.0323120221157,13.4839369159192
24.6796168997268,2.16258592684407,2.80335212739046,16.9623464891733,3.08368734012951
53.9952753735644,37.8145670240656,75.3951443253115,69.3951443253115,80.0829396144637
44.1462964642909,30.546623113446,56.9640887598089,54.235257941881,77.319934670169
19.8743913135611,27.691104860419,33.6440230267548,34.7225498795295,73.0366572906284
42.7971330193947,62.0658773102408,36.4644438199381,60.4253039141197,83.3007167451513
43.9315341804581,16.194266512644,30.2141657040249,38.7284994224149,68.242833140805
30.2996429696065,18.6727921873443,45.7049511709017,48.022970702541,71.3409902341803
56.744248020234,47.1600045040908,35.8933303306061,56.2921217580716,65.5927260443389
27.4640657828144,77.380750561469,78.0775918278583,77.4066145040884,81.7227052090088
26.312929913212,59.0194290618529,73.265302565091,71.242950428433,82.421767521697
47.5152697033144,36.8133784678977,47.9694605933713,65.9331076605114,78.6044594892992
44.4948318555009,28.8537423116529,21.0663950794579,62.215784008238,75.0497963095934
22.2474159277504,19.4268711558265,15.0331975397289,42.607892004119,70.5248981547967
0,10,9,23,66
