"energetic","enthusiastic","content","positive","accepted"
19,4,40,73,15
3.08912885544535,6.61782577108907,40.4692776786802,15,22.9405807630364
11.1297140215703,8.22594280431406,28.6764194350302,15,17.5801906522865
30.9237872718279,8.06330663106895,38.9237872718279,33.7338673786211,0.949599466034185
9.91555812609823,11.5681511471146,40.5930852772897,27.7121007647431,27.754321701694
3.53202588041455,0,36.1699352989636,16.4679741195854,25
8.98314191687539,0,22.5421452078115,11.0168580831246,25
16.4956382001563,15.5895316803751,38.1877869604376,29.0538720537918,27.5982552800625
24.4808474353851,34.7540338449242,60.5463728190782,52.4771524771295,30.792338974154
18.2016745916784,21.8804010750243,38.4673351250406,43.5410378333514,35.7065329749919
17.0794326242487,15.288821344308,22.5631881122724,33.7581222559882,38.0649780479052
37.8636279414136,43.1060465690227,35.1363720585864,46.7802791673386,31.1893953430977
16.7444668007904,11.1938296445323,37.867873910145,28.6431924882741,19.3876592890645
26.5426559356233,12.2825173261804,25.892309412016,21.0223787167375,21.5650346523607
31.7016967706492,27.9304871375338,29.6847290641569,34.825396825586,30.1406677614292
11.3700828155055,8.90424430627754,22.8768115940992,19.1097308487132,17.6713250516636
30.3403880070757,20.6042328042454,37.3957671957546,33.3021164021227,28.2829805996462
19.6047178130459,14.1628306878275,43.8371693121725,30.0814153439138,28.8197641093477
41.971095052922,32.9766536965908,21.0277932183443,34.9933296275974,32.9955530850649
21.8811819495905,23.0051160962128,46.8760658533777,28.2529843894575,35.5008526827021
18.5816035815793,20.3180029846494,40.5773979107454,25.2113010446273,35.8954008953948
28.491452991453,28.5762108262108,34.7966524216524,28.1016737891738,38.3728632478633
18.2880889887572,24.0773028370746,35.1779777528107,35.7447194101147,39.4777527808987
0.750672398617974,23.1128417107242,42.5222993826977,39.7270282186844,30.5695877425649
6.65529100527366,16.1346560846766,38.7648148148259,37.5798941799005,42.9156084655722
13.4702380952335,15.1170634920559,37.2351190476168,37.2351190476168,49.1180555555609
34.4338624339173,26.2301587301752,38.1283068783041,38.1283068783041,42.3849206349124
28.9040131775588,17.0640161724585,35.7920035938797,33.2160077867393,38.3200059897995
19.9913813184559,6.1257861635595,33.3612858141243,27.9494525972694,34.2688096902072
17.5634122995875,15.380473797525,43.1081199648792,22.4365877004125,40.5447076652917
19.6519391262245,4.33259695631122,24.0022091310663,21.980117820403,29.6519391262245
28.9419799498508,7.36717836258704,26.3961883876616,38.3091583124378,41.3091583124378
22.8395989975176,10.9269005847814,33.0071010860226,35.766499582299,38.766499582299
19.5783532536679,17.5474293303363,29.2804022006621,32.2030923923332,27.9381521533368
10.8662131519211,2.43310657596054,39.0317460317238,25.9489795918224,25.3185941043354
17.2108599450112,7.40814495875838,39.244886975255,34.4557469202662,38.3741179285145
25.5312932492329,13.6484699369247,42.9890819621548,46.5203752113877,49.1906812240028
19.3583525108139,14.3395881277035,50.3208237445931,47.6791762554069,57.6604118722965
7.43962748875852,12.879254977517,43.0393614093003,36.5590421139505,42.6797871364334
3.53010597301356,5.06021194602713,36.3373245251661,26.5059867877492,40.445774841722
0.728896462498634,0.271103537501366,32.5422070750027,20.2711035375014,39.2711035375014
0.0837519255200854,0.916248074479915,35.3400308083214,20.4137365213594,40.0837519255201
5.13568521031208,2.75712347354138,50.2297602894618,16.067842605156,41.2297602894618
14.5749176197168,9.04994507981123,50.7541620899843,20.7874588098584,41.7541620899843
11.1373860181646,4.13738601816461,51,22.1263762242405,48.1153664303164
5.23834586469751,2.64536340850139,45.9418546365994,28.3546365914986,39.8313283208936
11.4065795118349,9.30617083248339,46.7942378468681,29.2296281243625,34.7415611099779
27.3497369550313,15.9033394296681,49.5430580956951,34.1775045722511,43.5377859062242
10.1560071727222,0.562661884851868,53.4066547121297,25.0946403666853,38.6879856545556
6.25429087625286,6.36427280936784,37.7971996387815,26.890018066885,36.0171635050115
4.45562456866969,5.45562456866969,41.1775017253212,27.0295836208869,40.1479181044344
2.37971428570747,3.1729523809433,45.9661904761791,28,39.0039047618389
6.09472398950986,0,32.0960735170465,14.2868710236028,25.1420859842648
2.62264876582724,0,43.2515674894485,12.1257837447243,32.2515674894485
0.920075519196963,0,44.3866163205354,12.6933081602677,33.3866163205354
3.31393627103288,0,41.0232764747605,17.639510779446,31.3488509831737
0,4.99302832240373,51.4126361654942,28.1468409586264,40.9930283224037
0,0,39.1671835627129,22.3942301480331,35.7223945209043
0,0,37.5939781611454,6.13777433183602,35.1979927203818
0,1.96669633585345,30.0499554962198,5.90008900756034,25.0666073282931
1.31870875691951,0,33,9.23096129843656,25.0438737292415
1.13964557196549,1.29053164205176,29.558582287862,9.69822785982745,32.0337214943623
0.014509831106472,2.97823525334029,25.0580393244259,4.07254915553236,43.847646773382
0,0.515384615384615,35.3923076923077,1.54615384615385,29.3
0,0,40.5386141636051,2.988683935132,19.5932103610792
0,0,36.8224206349024,10.9519557823519,24.3711734694111
0.3534311062785,1.413724425114,35.413724425114,14.879413362329,26.586275574886
7.68146808653777,0.0398164891827794,37.28330319471,22.1194494675483,23.0796329783656
0.420424960109502,0.789787519945249,21.4714873603833,21.636600319124,24.5795750398905
1.44286974049329,0.278565129753353,25.0500440917265,13.4570420760537,23.5571302595067
0.408245349433807,0,21.4288587230183,1.83710407245213,25.3876319758493
5.15761842999786,2.07880921499893,36.3152368599957,17.0788092149989,24.8423815700021
1.99652978600117,0.665509928667057,33.0034702139988,14.6620397146682,28.3379602853318
0.431816721284277,0.143938907094759,34.5681832787157,12.575755628379,30.424244371621
8,2.85298563866388,44.867787855769,36.0296044342102,36.3971403375505
5.25461822660833,2.42436371101388,54.3394909688111,20.1402914615027,33.9336001642305
7.40048200781433,1.51990359843713,43.437879165617,19.8805784093772,24.3582647718684
9.92982838860669,1.01403432227866,32.3087550901306,22.915794066328,15.2526178010159
14.4634055957875,25,55.2833055400817,36.3433388919836,51.969983324049
17.2164035719942,19.2164035719942,57.0938734962108,42.87351804547,54.0612650378917
7.11571799741869,9.11571799741869,57.6254885264516,36.4941376825802,48.7451147354835
7.96843853828519,6.78106312297111,56.9375415282286,34.1249169435427,49.2498338870854
29.4479981049969,27.5767985471643,58.0184000631668,50.7975993051655,53.0552001895003
0,8.30117183337009,57.4763822307523,40.5078725897492,56.5078725897492
0,15.0451901565996,54.3637583892617,41.5454138702461,57.5454138702461
12.3814049011957,11.3330896685869,54.9048315232609,31.5234266220652,54.1903369534783
23.5672380948067,7.44228571414947,57.0673015872637,41.5095873014132,53.4134603174527
15.3913073097005,3.6453096259817,58.6453096259817,40.1006880577371,56.2402752230948
36.401889320334,8.62150010218436,63.6215001021844,51.1588891159653,60.6635556463861
17,11.8254720529674,57.8254720529674,50.8254720529674,55.5872639735163
27.7373641044817,33.4747282089633,52.9845508296754,62.4438298683141,52.7837116154555
18.9653612224006,15.9307224448013,52.4685506601412,43.8678237650837,45.559709241977
10.8339267171061,0,49.5089007565908,26.3357068684242,41.4910992434092
15.9193766937831,11.8387533875662,53.0668795974112,34.8387533875662,54
5.86885498534514,0,55.0608942605917,32.1920392752465,56.1615921449507
2.11658190785874,0,48.6284261277578,29.5118442198991,56.6976311560202
7.62649421906112,0,53.3198118753394,17.6002351558258,56.3066823437217
10.6452991452806,0,58.9331501831542,48.4010989010751,57.3778998778972
6.35910733934283,3.48341977057284,58.8563570642629,32.24862486246,53.8563570642629
17.2921802383838,10.5899171549495,54.4831279046465,24.5954738331313,49.4831279046465
2.41111769735566,2.20555884867783,56,33.5479812948536,55.5479812948536
16.8495333214378,4.27429998215665,52.7809583258986,26.411449973235,53.5619166517972
10.9034967865878,1.23860128536488,52.8579019280473,21.2386012853649,50
6.79633284417442,2.88146686233023,55.3222002934953,22.8814668623302,50
5.17475434617391,1.65049130765219,55.2378684807391,43.3834467118695,51.7621315192609
0.967986314760508,0,38.2240957966764,19.8399315738025,51.807917888563
0.40129404645395,0,42.1909416748224,17.0064702322697,48.4077642787237
0,0,45,16.6348056130939,49.2696112261878
0.915105386412209,1.83021077282442,51.4057377048855,21.7453161592366,46.6791569087023
4.83406839245918,4.41703419622959,52.8624587195085,22.2227122616395,41.1375412804915
1.72144455096866,2.86072227548433,47.1559816767759,20.1476297006458,46.8440183232241
0,0.21919489443507,33.3151693666104,11.8767795777403,41.9863770249578
1.05413105411407,0.702754036076048,49,21.1889838556958,53.8917378917719
4.38062558356453,3.0354691876734,50.3806255835645,16.6903127917823,52.4160947712379
6.6540616246532,4.7405462184899,52.6540616246532,17.8270308123266,56.3946078431431
0,0,48.220266040614,24.8703610551189,55.730019002901
0,11.5056065238579,40.4654871122553,32.367554972879,49.247196738071
0.943399883696851,7.39620081412204,41,34.1698003489094,46.5849001744547
1.99220348474183,0.0545756068072247,41,31.0233895457745,45.0116947728873
8.42401594417156,2.57598405582844,56.2199800697855,19.3560039860429,51.2879920279142
3.5644243396948,0.282212169847401,37.4703536164123,28.5296463835877,53.0940707232825
5.93307067463907,1.46653533731953,39.4442255621992,26.5557744378008,53.4888451124398
8.30171700958334,2.65085850479167,41.4180975079861,24.5819024920139,53.8836195015972
3.82504520793504,1.27501506931168,35.6750552541428,19.4000401848311,45.9500703234545
2.47699793882,0.743099381645999,36.944795053168,17.23849896941,44.95399587764
7.65081489979822,2.29524446993947,49.3619557595157,19.8254074498991,55.3016297995964
0,0,32,11,47
