"energetic","enthusiastic","content","positive","accepted"
21,65,28,56,19
14.9187584803256,32.1612957937585,36.5137381275441,44.4456411126187,19
44.8068181818182,45.4967532467533,27.5113636363636,51.4886363636364,11.4107142857143
23.1449468085106,22.5425531914894,6.57845744680851,59.6023936170213,36.843085106383
16.7969776609724,17.1954664914586,2.0676741130092,45.0827858081472,33.2782522996058
19.3010416666667,22.3494791666667,4.32005208333333,26.6020833333333,17.33046875
35.8774834437086,18.4784768211921,8.95695364238411,27.1779801324503,6.07367549668874
58.4555921052632,23.1868041497976,15.8906882591093,42.4350961538462,8.51707995951417
70.25,39.9711538461538,44.9230769230769,59.6730769230769,3.98076923076923
72.1637658227848,49.0545886075949,23.7948312236287,57.3821202531646,0.351529535864979
50.7558039552881,50.8502794496991,52.4563628546862,51.0392304385211,51.7950343938091
53.8387790197764,54.3186263972485,62.4760318142734,55.2783211521926,59.117100171969
56.9217540842648,57.7869733447979,72.4957007738607,59.5174118658641,66.439165950129
49.4815501412429,48.5187146892655,48.5187146892655,48.666843220339,47.5558792372881
45.0503177966102,35.8580508474576,35.8580508474576,37.2722457627119,26.6657838983051
69.4722960992908,47.0789007092199,47.0789007092199,47.3710106382979,45.1801861702128
50,50,50,50,50
58.7667140825036,37.9457681365576,41.2332859174964,54.9312766714082,39.0416073968706
41.1941371681416,29.1537610619469,31.1155973451327,60.7306415929204,27.1155973451327
45.9069383259912,43.1740088105727,27.329295154185,43.6616189427313,25.9939427312775
68.5761494252874,57.0441810344828,41.1602011494253,83.4040948275862,87.1160201149425
38.6246657754011,21.5616644385027,2.60277406417112,63.2712232620321,81.2821691176471
45.8148395721925,39.5370989304813,32.5618315508021,54.8826871657754,61.5091911764706
39.0460526315789,55.203125,55.203125,57.1200657894737,52.1907894736842
12.8362573099415,67.6527777777778,67.6527777777778,74.156432748538,57.4327485380117
46.22425,32.911,27.14575,22.0035,9.86125
50,50,44.6825944767442,50,50
50,50,20.5794876453488,50,50
40.5270833333333,68.2802083333333,21.0104166666667,68.2802083333333,37.928125
50.8021907216495,51.0161082474227,50.3743556701031,51.0161082474227,50.8556701030928
50,50,50,50,50
71.5347222222222,60.7673611111111,45.8587072649573,55.7978098290598,43.3739316239316
72.4325396825397,81.0476190476191,86.2063492063492,86.5238095238095,78.5238095238095
70.1486366855524,67.8057719546742,69.6800637393768,68.7429178470255,64.9943342776204
50,50,50,50,50
50,50,50,70.356514084507,77.6848591549296
50,50,50,50,50
50,50,50,50,50
13.3167372881356,34.2786016949153,11.5699152542373,25.5444915254237,8.07627118644068
25.6793367346939,13.1505102040816,15.3614795918367,23.4683673469388,13.1505102040816
45.8020408163265,43.6394557823129,44.0210884353741,45.4204081632653,43.6394557823129
53.1018700787402,37.5925196850394,35.5246062992126,35.5246062992126,60.8565452755905
81.4867424242424,71.5909090909091,68.8920454545455,60.7954545454545,56.2973484848485
59.8799070247934,56.7747933884297,55.927944214876,53.3873966942149,51.9759814049587
50,41.9586776859504,32.9121900826446,34.922520661157,53.5180785123967
37.2997448979592,25.5331632653061,23.6201530612245,30.1602040816327,68.006887755102
35,39.8951612903226,47.0766129032258,45.6875,71.3245967741936
35,57.2443548387097,71.1727150537634,60.6270833333333,72.7703629032258
54.8346774193548,64.0645161290323,39.0120967741935,52.6370967741936,64.0645161290323
37.4547089041096,41.6364726027397,36.5254280821918,47.6767979452055,56.9696061643836
26.1013513513514,30.9662162162162,22.0337837837838,34.1452702702703,67.0675675675676
50,50,50,50,50
50,50,50,50,50
50,50,50,50,50
50,50,50,50,50
51.9513608870968,54.2279485887097,42.357169858871,52.439201108871,58.1306703629032
57.3729838709677,65.9747983870968,21.1224798387097,59.2162298387097,80.7207661290323
65.8992579908676,63.1024543378995,2.10017123287671,49.1030251141553,95.2009132420091
58.2630288957688,31.7827657378741,4.86893704850361,15.6517027863777,83.391382868937
32.8241099071207,29.9326625386997,12.2693498452012,21.2020123839009,82.4663312693499
60.6796875,38.921875,0.125,55.75,79.0234375
41.3042279411765,30.5589548319328,0,55.062106092437,98.6957720588235
51.9607142857143,51.6431972789116,8.54336734693878,61.2651360544218,98.8608843537415
39.7399193548387,44.0824092741936,7.02746975806452,45.2714213709677,99.0630040322581
23.986301369863,42.7168949771689,18.2191780821918,57.9452054794521,69.8630136986301
39.4198016415869,43.7786422708618,31.3359268125855,55.3918433652531,70.7378590971272
62.7543668122271,36.3346069868996,9.00382096069869,61.8433406113537,95.5513100436681
50.4201600609756,49.7759146341463,49.047637195122,50.5602134146341,50.8403201219512
57.2522865853659,46.1321138211382,33.5614837398374,59.6697154471545,64.5045731707317
64.0844131097561,42.4883130081301,18.0753302845528,68.7792174796748,78.1688262195122
66.6617366412214,46.9704198473282,31.6321564885496,63.0147900763359,100
60.1492851906158,65.399926686217,46.2495417888563,82.6995967741936,52.2506414956012
34.5197947214076,62.7712609970675,29.8203812316716,68.241935483871,75.2514662756598
60.6346153846154,57.0897435897436,60.6346153846154,62.4070512820513,81.0176282051282
50.0266272189349,50.0177514792899,50.0266272189349,50.0310650887574,50.0776627218935
50,50,50,50,50
50,50,50,50,50
52.3180021367521,52.3180021367521,44.0394230769231,53.9737179487179,66.5571581196581
54.9994658119658,54.9994658119658,37.1442307692308,58.5705128205128,85.7104700854701
54.0923813868613,54.0923813868613,39.4767335766423,57.0155109489051,79.2312956204379
47.4698795180723,41.8473895582329,45.2208835341365,48.3132530120482,60.6827309236948
51.3978004291845,39.870082260372,28.3787553648069,50.1616595135908,92.6212446351931
67.461820083682,67.2322175732218,19.385460251046,61.2301255230126,100
59.1270576131687,46.1741255144033,20.602366255144,63.8258744855967,100
48.2393543956044,51.3258928571429,35.0649038461538,61.6085164835165,100
57.4739869505494,43.3225446428571,22.1364182692308,54.2208104395604,100
57.0643305439331,52.717050209205,33.6976987447699,54.347280334728,76.0836820083682
52.7294497282609,49.2556046195652,47.146484375,48.8834069293478,56.0792289402174
66.1263586956522,45.601902173913,33.140625,43.4028532608696,85.9177989130435
50.2577605321508,49.7637195121951,49.4844789356984,50.3222006651885,51.0310421286031
62.0092281879195,39.3414429530201,26.0553691275168,65.0645973154362,98.0184563758389
62.610822147651,61.6004194630872,29.664932885906,69.275755033557,99.221644295302
54.4636929460581,58.9273858921162,43.8195020746888,57.5539419087137,67.1680497925311
57.4918849658314,74.9729498861048,61.6540432801822,69.1459282460137,91.621583143508
54.5401785714286,65.1339285714286,57.0625,61.6026785714286,75.2232142857143
50,50,50,50,50
52.7700729927007,51.7627737226277,40.6824817518248,54.029197080292,62.5912408759124
63.4635492040521,66.1503256150506,14.0558068017366,74.094518813314,100
67.9988990017616,82.9887698179683,16.0026423957722,88.9892102172636,100
66.6830226071638,69.566830593071,19.1607457428068,76.0936215502055,100
65.3671462125661,56.1448913681738,22.3188490898415,63.1980328831474,100
64.0512698179683,42.7229521432766,25.4769524368761,50.3024442160893,100
61.6746323529412,34.2720588235294,26.8639705882353,43.5974264705882,100
55.4821675900277,44.5178324099723,24.4165512465374,58.2232513850416,95.6847299168975
51.7576177285319,48.2423822714681,41.797783933518,52.6364265927978,64.6468144044321
43.578246124031,54.5869670542636,4.13032945736434,58.2565406976744,95.8696705426357
52.0689477303989,48.5221801925722,43.4975928473177,47.9310522696011,54.4334594222834
56.3843707015131,45.439735213205,29.9348349381018,43.6156292984869,63.6807943603851
60.6997936726272,42.3572902338377,16.3720770288858,39.3002063273728,72.9281292984869
57.3507882882883,44.7494369369369,26.8975225225225,42.6492117117117,65.7516891891892
63.1922153635117,60.4627914951989,60.0078875171468,65.4667352537723,64.556927297668
82,76.9375,76.875,87,85.375
100,100,100,100,100
