"energetic","enthusiastic","content","positive","accepted"
46,27,61,46,55
42.2518292118713,50,65.4422524775713,65.4422524775713,65.4422524775713
22.5940539037777,50,53.8788552375163,53.8788552375163,53.8788552375163
50,50.9192304814424,50.5055767647933,50.9651920055146,51.149038101803
48.1778306294105,81.9014694640468,67.5458082052257,83.4965429372491,89.8768368300585
44.3601121209693,64.9338316487525,58.2136074068139,65.6805232311901,68.6672895609406
46.1439714438172,55.9353516659429,55.9353516659429,59.8922527765715,59.1008725544458
53.7027241148027,56.5342190261224,56.5342190261224,80.4451825217687,99.128770796517
50,50,71.8045397225738,53.9092055485243,50
50,50,71.2320302648144,65.3593947037117,50
50,54.4780054645903,51.2396174864305,70.6674863388472,79.9535519126389
50,61.0643503792843,58.4609738194527,61.0643503792843,65.9456814289686
50,50,50,59.3435830087458,72.2466262112994
50,49.4376904104487,50,70.2723052370513,98.3461482660257
33.4069850320401,43.5591913432472,60.5591913432472,39.1950366098419,51.5084559061782
28.9413558789763,40.5840416227255,65.8506649323864,61.5519947971593,33
36.2210760018514,54.0235249264948,65.290686461396,59.8720593841881,33
57.8956780924942,74.4217585693706,73.0530551416224,72.4217585693706,67.8965722803636
59.0912519947793,61.6496445669537,75.2080371391281,65.9744668504306,78.4817931234661
47.9599744518082,41.5799446455844,68.0866510538828,63.340004258032,67.4466680860107
37.182571182,21.2715559391111,59.0027610006667,61.4578084553334,64.2761576068889
30.4106057107728,54.4537828062062,55.0962056492976,52.0962056492976,51.6855999385247
21.282172131141,41.7040528232963,59.7095628415214,42.1286885245641,39.9724499088747
26.3989754098157,56.4859289616898,66.5319672130876,62.5959016392628,79.7698087430111
39.3211433376002,57.9793330530665,55.378380271733,60.958666106133,91.3990472186665
38.2466641250507,64.0822213750169,69.5411106875084,65.130003812424,52.9311221247804
38.1830487722018,65.4024216039712,65.170940752346,60.1951567920577,39.3903135841153
34.2198263156518,65.9685962406212,58.376845112546,59.0628075187577,37.1256150375153
51.6065573771795,55.9861949958299,75.9490940466262,56.960742019143,85.0116479725168
51.711401613004,59.7498813979368,71.8460808602688,62.7498813979368,72.8202695342293
31.9681092194039,42.63902799015,61.3163249170154,45.63902799015,37.721083056718
32.887345888168,33.1625118547563,58.5124644357311,62.1246443573108,28.3748814524369
31.7359792924764,64.0440034512539,67.5660051768809,65.4339948231191,88.4840379637933
22.4477714827434,52.7645462183382,64.2636953103245,52.9486223907571,72.5556321493116
17.6066435449697,36.0895499882289,57.8088580599596,37.887335473239,36.5161241681076
26.5224638177261,39.2486453116189,66.8981411619166,65,93.7896975101786
32.164722572509,66.1880517024006,64.2196300966787,61.1214796132851,92.8702711223282
33.4767234131949,51.7560424548566,65.9689645509265,54.1241417962941,67.9422551492977
34.7887242538934,37.3240332071725,67.7182990051912,47.1268039792352,43.0142391760252
36.8623695976084,45.3426229508718,67.3455290610863,64.8623695976084,92.9326378539114
39.844284690485,60.6768677774756,63.3726372838835,62.6273627161165,85.9810982710677
47.1140598405146,63.193328406332,63.9318507569627,62.0681492430373,90.4548060557013
54.3838349906148,65.7097890352128,64.4910642300473,61.5089357699527,94.9285138403783
59.5907433786402,66.4823390231509,64.9457978222554,60.6747869335323,96.9403172457048
43.9162944542759,49.602163258451,64.3429344020875,57.0576064125252,74.0315072793263
49.3808136006344,54.3808136006344,63.3463266545166,58.9220400729003,68.1904068003172
51.0225136610844,70.0288524590068,68.0577049180137,72.0288524590068,96.1154098360274
25.2982801422416,66.9474202133624,66.4560195021545,67.5439804978455,90.4560195021545
24.1813790172921,65.2720685259382,70.3651734394776,63.6348265605224,94.3651734394776
62.9787849565437,65.0106075217281,70.783027965235,66.1851494695806,67.9787849565437
69.3025102458894,67.7428045827105,79.1255355812158,61.0514390834579,98.9197792473842
50.1144979508594,64.8355299925545,69.2408019746851,61.6328940014891,86.7092259687287
34.2431127134695,49.2247466160549,59.8692605945579,48.8508944971433,57.0848241619055
33.4888075226818,38.036698011174,47.7108263293862,40.036698011174,64.5926603977652
35.9822751102593,48.426146292747,56.4379628859075,50.426146292747,62.5147707414506
38.4757426978368,58.8155945743199,65.1650994424287,60.8155945743199,60.436881085136
54.7348034238393,63.3840611248241,82.7348034238393,73.4898689492262,74.3043667489448
69.3390714079505,63.117327358613,97.1912420417255,83.0043035559628,87.4869007741754
49.3980789281357,41.5145855054804,76.1424166463655,68.0485591961018,68.653741209906
37.6513705992796,46.2659903249291,62.5504568664265,65.7063961299717,44.9908626714691
34.5414039512305,36.8535098780764,59.8535098780764,44.127364438925,69.0191256829986
33,32.6917900403769,58.7738896366083,52.7604306864065,51.9111709286676
33,32.1408556362127,63.7322992740858,43.3945458156157,39.2396796328918
34.5799664386145,43.9806376663249,67.5799664386145,62.3602684910842,62.840067122771
36.7969205949942,57.4516856064845,59.5126094279862,60.2486062014787,68.2486062014787
30.8729804749657,41.4570472824073,45.2951531399176,38.330027757373,46.330027757373
46.5081967210963,55.0983606554719,53.2131147539085,52.6885245898475,50.3606557375024
66,75.3272540983227,69.7116803278526,74.3272540983227,89.2700819671154
56.1688404929899,60.2924015795053,66.4382194567423,59.8541821227631,62.6070599497322
35.2534402297941,41.7673327749605,65.2430537274168,42.5242790475437,40.4964939572109
53.3603755077745,59.6422866750986,63.8563822334648,60.3577133249014,63
28.2013927938127,23.7314762749164,58.9328690687291,35.9733985034279,27.2685237250836
31.441584843633,19.4112202084893,57.8528050521223,51.6343267442264,31.5887797915107
33.1912568306139,34.1967213111864,58.6174863387721,62.3825136612279,45.1092896173258
37.7612361753576,61,70,70.701545219197,82.7464899206276
33.1348793815791,63.0186147763154,69.4232529210527,58.213914434212,60.693011684211
31.4708783153434,66.9012839308653,68.3139188768956,43.237904838091,56.2556755075825
40.1204692432275,34.7880132347801,62.4450293277017,70.8900586554034,66.5628665962715
36.2177049179077,40.8929836064657,63.0405901639303,64.4059016393026,73.5276721310933
37.1578201151968,51.3285556047833,63.5394550287992,60.2238147984056,64.3687195392127
46.0462693426097,63.562279760949,63.3594300597628,59.8825647310676,60.2028497011862
62.090434900427,70.6356523506405,72.90434900427,69.8165221514945,72.452174502135
52.8066977628522,67.5567656914997,77.0340322434408,67.7726655194114,66.2839643147934
30.7563852912155,57.945091024376,66.2915723213614,56.4648129698541,43.1028665882009
27.9311906813007,59.2230371008491,64.5724762725203,64.7379206212466,64.6115185504245
59.4983465840547,64.2259199324084,68.0431998873473,60.2724266516463,58.0431998873473
41.5592650580161,60.3482685577445,67.0606925769022,64.2427703076088,60.2427703076088
29.2885746464475,58.2860718308059,67.7139281691941,67.7139281691941,65.7164309848356
30.32993525275,58.06598705055,65.1319741011,62.32993525275,65.3299352527499
28.6699040271989,46.5182991229519,66.8215089314458,46.4914129586447,62.1516049042469
36.1229508196662,59.1311475409736,69.1147540983588,56.237704918025,56.9918032786926
43.5000342957312,69.9482817751261,66.5689690650756,68.8965635502521,70.7069071952269
30.7738217210708,37.7738217210708,75.7397540984054,68.5753073769932,71.2602459015946
29.7988290398178,47.8693208431062,70.6740046838352,64.8913348946117,65.2555035128764
41.6927250451465,63.8365906306433,65.2788635435478,64.1154541741911,61.8365906306433
61.7933097031202,68.7933097031202,77.173238812481,67.9311032343734,77.9665485156012
63.3179549409191,62.6286060994064,85.1941569740546,67.0776627896218,80.5436395273528
59.3159858961456,40.3319214213827,73.7599597032732,62.5039838813093,48.5278871691649
47.505244559795,43.494755440205,69.2503746114139,64.3733142486373,54.4917585488936
31.8686288103509,59.1313711896491,68.1334734864536,69.3993693109586,79.0635832980201
31.9995907323646,58.5005115845443,65.5005115845443,67.0006139014531,69.5025579227213
34.802806449427,57.2042096741406,65.8098225729946,64,56.7992983876432
59.2220833637967,63.9292803057997,72.1767992355007,70.752481070299,86.8684848927953
19.5624001096218,58.4668706333737,63.8382117904993,64.5808941047504,60.1617882095007
29.2543951778635,62.4576921320615,66.1186812183208,63.4406593908396,57.8813187816792
35.5114754098256,63.4977049180349,63.9862295082092,52.9540983606974,69.0550819671631
40.507684426258,60.492315573742,65.3884477459515,59.299948770677,73.476946721226
50.304854102946,63.3709758436558,67.1258048312688,69.8741951687312,67.2516096625377
60.4413371906561,68.8222436515724,65.9746062359389,70.9492124718778,65.6602378655882
64.2955902908353,66.895920701452,72.343881052178,78.791841402904,89.3680264328493
59.6524429443518,67.4087110253915,68.974043715828,74.4958212793068,81.3132433300899
47.9473374048999,66.7398478517086,63.2887067395228,67.1383263687942,72.6180220722113
36.242231865448,66.0709846780256,57.6033697632176,59.7808314582816,63.9228008143328
62.977931904105,61.6960907945266,62.3480453972633,62.3149432534209,62.0110340479475
61.7017759562753,61.8270491803355,62.4135245901677,64.9423497267785,64.2982240437247
58.640078297035,64.8933202838275,65.7068754587601,65.8933202838275,68.3200391485175
69.9888784573817,70.7374882645544,80,74.7319274932452,75.4916588430363
67.186165097303,65.0899514682296,71.3953883657677,62.4790776731535,65.7845145706916
42.0558897859403,58.9469952810076,63.0186299286468,60.8037259857294,61.8753606333685
56.6209016392628,61.3241803278526,67.8736338797543,72.423087431656,59.1126366120246
63.5565573770404,53.764754098475,68.5565573770404,66.1131147540808,71.0950819673538
52.5793846844429,56.7850887042747,69.8785088704275,66.5607455647863,47.7475858970919
38,68,71,66,27
