"energetic","enthusiastic","content","positive","accepted"
3,11,14,20,57
16.2646650893678,10,32.7107775148946,11.2892224851054,51.851635800012
0.136898395653927,9.82887700543259,29.7090909092354,13.931550802173,20
0.702488687897679,0,31.1447963799507,16.4807692306843,52.6866515834956
22.2120788968399,0,5.57584220632012,0,31.0919881305815
13.836800573948,0,8.68220946914781,0,48.0147058824698
0,0,14.2485044865664,13.298604187462,48.4970089731328
0,0,6.42463235291889,5.99632352939097,32.8492647058378
0,0,18.9930795848759,8.2878892734004,35.5397923876258
1.1088265093224,0,25.7823469813552,13.1129387925421,45.7864592645749
6.09750283090539,0,15.8049943381892,9.12199773527569,26.8294892425595
5.01367989048477,0,4.50957592333934,3.00820793429086,8.50957592333934
12.184973791519,7.61560861969938,27.6546301689478,13.7080955154589,59.8323820618356
7.22193302100153,12.1945167447496,35.4513708138126,16.9027416276252,75.9027416276252
0,12.5326540064937,28.030106530845,10.1306160259747,61.06021306169
0,16.4125932063668,4.77796188885804,0,13.7543496269202
0,6.71571358346009,13.2842864165399,0,55.6447648698352
0,0,29.5242424242424,2.26767676767677,52.7060606060606
0,17.9212669682503,70.8687782804171,57.910407239596,67.9104072395961
0,11.0213819837969,42.2627676595039,38.0144905243625,59.4186254000231
0,0.205451636695962,5.69462220025778,6.59678808754541,40.3619862170357
0,0,60.528714414626,24.406739683317,64.8813479366634
0,0,39.2402165887579,15.8226679793378,63.1645335958676
0,0,17.9517187628897,7.23859627535874,61.4477192550717
0.99731025612852,3.83580867741738,4.60297041290086,4.29610571870747,56.9313530580661
7.36010408140003,28.3080926207693,33.9697111449232,31.7050637352617,37.3535259033845
13.2346525858646,48.5920844848124,57.7942656928728,53.3718910383165,19.1552506908874
15.3000148045737,36.199911172558,38.3798608370075,30.2398341887749,11.7199467035348
17.3653770232994,23.8077378602036,18.9654559809856,7.10777733904671,4.28464271612215
6.08112793249794,9.88183289030914,19,16.6825378481204,64.6384490928153
2.19425634330916,0,19.7314187811031,2.70743248755878,72.2685812188969
12.4379946152975,0,23.1459982050992,1.34160071796033,68.8540017949008
0,10.537260296125,19.7562100493542,11.4153653208021,40.4650457156355
0,6.47358200500887,19.0789303341681,7.01304717209294,30.6444898454381
0,2.40990371389271,18.4016506189821,2.61072902338377,20.8239339752407
6.90973630828419,23.3203600404591,26.6371703853552,7.77345334681971,61.6407200809183
11.9829116004361,13.4807755504907,19.2681564245366,8.49786395005452,24.8087413735008
0.979953992744177,1.1024482418372,30.9587988827093,7.12249424909302,62.6314081499419
0,0,28.5641897427477,4.81357529083943,47.8839095526696
0,0,24.7924586269102,2.4133827625792,27.9966000327991
0,0,21.0207275110727,0.0131902343189703,8.10929051292861
0,1.39613970592618,30.0166462418934,13.4820261438688,39.7922794118524
2.47995983600164,5.81148021085503,32.8515605388517,17.4344406325651,47.2058405154234
5.88806514342626,0,21.8123480796814,0,31.2526737968127
11.4511531484285,5.72557657421423,26.0956206271827,8.270277273865,18.1829489505238
10.6712779973283,5.12008835152675,23.8976207083969,17.7421142370229,21.1732155312977
1.53617907340548,2.14471629362191,34.3404476835137,20.5148360228644,29.072358146811
5.58884076195614,5.92892739043509,35.6700433142395,12.0355363047825,42.0964789716289
9.48735503701743,2.81011597038605,32.1613804666843,13.594942014807,57.300684644368
17.8133623821745,4.2116920844027,32.208908254783,16.8050108933154,64.9832970222818
0,0,14.7602531052522,2.51464729321747,53.151863135443
15.5357142857143,0,23.9948979591837,16.2142857142857,22.0867346938775
19.8992904556091,0,36.7660791942582,13.6452277409891,51.6088349736309
7.31824190339792,13.7059925094824,22.3424763162782,14.9757655871197,10.9757655871197
12.7443104091457,7.25568959085432,21.1050864320099,13.3683621440033,11.6240517348576
9.62137793806592,10.3786220619341,10.1748227832307,9.72494092774357,11.1035629896777
59.3504380474699,67.2246558196748,49.9586983728916,50.1195244054338,60.5112640800121
41.6836836215474,43.6343116529144,46.5447705509715,35.5301268499825,49.7330555901803
9.41338142012945,3.03618952854995,33.0120631761833,8.98520084559036,25.7905733117089
9.80631718806907,15.9024640657247,10.4849015581371,15.4189515642072,26.8063171880691
12.8778845565252,13.1628205912997,23.8690702087136,16,38.0318908000133
15.9520719838316,9.06390402155786,39.7523719164633,16,49.8162759380212
10.1187165771831,9.50855614933101,63.700534759507,8.44358288730636,53.6497326202465
7,1.94840478563713,53.5204802259719,5.67526586906048,62.4537221668467
16.4075479654144,12.2298123550387,49.8815095930829,13.5260383723315,35.0143369175912
26.1107194944354,29.5718279047282,62.9341273699582,62.1436558094563,76.8353184248954
15.1236752551843,24.281769567311,62.1202722411248,51.5635391346219,74.8006806028119
4.13663101602192,18.9917112299365,61.3064171122979,40.983422459873,72.7660427807448
24.8721560130011,20.6533044420368,50.3120260021668,29.2481040086674,50.4507042253521
53.6789242240228,15.3187177362921,55.1131540373371,48.4526161493485,57.3856669428203
56.2402865209263,15.1519426958147,60.3839808986049,52.2361623618582,68.8819188190709
27.1110785708093,16.5469835160071,54.0597439544243,50.914442306025,69.6580620868164
18.005857250435,9.54296711571921,30.2460881934453,26.4003849050172,53.5488243661542
9.37316176469127,9.84779411762953,25.4419117646416,23.3224264705678,54.2716911764443
20.739819004444,17.4886877827155,28.054864253333,25.6165158370366,50
45.0883968972898,44.5426632192109,46.3162976729673,45.9069974144082,50
12.2024841809494,21,50,34.6962737285758,44.1809233653118
50.1193323168553,26.588476045265,30.3532220528092,24.4705079849117,28.5871117887631
21.9064280556136,22.5580611508019,25.6510713426023,25.8139796163994,47.3957146295909
11.6003422920646,15.6003422920646,44.1989731238063,59.8267621705159,71.9416835700643
9.12398658945153,12.6549832368144,42.7169765315402,47.9918927156122,76.8140201158227
7.08302346845571,10.1037793355696,39.1452910697975,31.6641877476457,79.8754647973164
15.6721513779847,19.1147675853231,35.6639243110077,34.7745783628423,47.536816125219
11.3533462971914,18.6466537028086,48.743599092424,27.0300194457871,76.240155566297
10.0978584983199,20.03605313096,20.99484955272,24.98454865816,59.8609379234402
27.898406374502,25.347609561753,22.203187250996,18.144422310757,44.5667330677291
21.3536878785562,19.8593711109412,26.2585248485775,13.1178959595187,52.494316767615
14.8036090929353,12.3992266229424,36.6085071476332,11.4018045464677,53.0038668852878
19.3498199279616,7.97527010805753,16,10.2756302521342,30.3498199279616
14.3864153396139,15.4203769905791,24.1305654858687,18.1618865778378,48.4230175495751
15.3602115002911,21.6426525666473,31.1412205331781,23.7867371667637,58.7781449659487
15.5607190244607,10,29.9457256587056,12.2971504391371,38.1214380489213
12.9163454855551,10,23.5992291653323,8.06615277688818,32.8326909711102
17.1062533121567,8.16812400635298,15.336248012706,1.94687334392164,24.7256226814903
6.50843780135196,4.96624879459214,7.42405978783232,4.96624879459214,53.0506268081118
10.8251990752449,12.3613323058277,16.2890658446622,13.4335987669932,49.4638667694172
25.6350540217088,22.672028811578,24.2540216086835,14.0369747898692,40.4919567826329
12.4917211328612,12.138126361635,8.4309368191825,10.6464052287738,21.9392156863213
15.0996829869623,17.6782317717454,21.5709756956605,14.7356463543491,22.0574145826037
15.8987191651137,24.8502134724811,34.6761740986458,17.7004269449621,19.9757471536837
10.7414730598279,23.8231586752152,39.2585269401721,18.4762110726506,27.0475778546988
14.8791398912585,18.6510751359269,35.1208601087415,14.8557525951488,34.2884948097023
6,7,14,13,64
