"energetic","enthusiastic","content","positive","accepted"
11,16,25,16,32
11.8952560248458,17.7344084679099,20.1608475569359,27.8042377846794,28.5174573291924
20.6543304741621,26.006867670042,20.6474628041201,30.2373140206006,27.0576115876396
28.8770927183353,31.5307268204162,24.2849122570868,31.0614536408323,43.8323808241856
24.1394727967524,36.8804518884979,40.7409790917455,58.4221841277399,67.9203012589986
70.1883187930485,72.3244284786414,58.0888774847439,50.7172168052533,56.8272219371186
45.1705316770446,44.8539171355784,38.4670836682703,41.3968647424284,56.3366770917068
30.8158556898239,35.0107382074365,35.1370804833661,35.5631711379648,58.2526845518591
31.0086746487233,53.9479521076602,56.9392774589369,56.9089161884053,45.0650598654248
45.2678449832199,34.4931856983047,56.8596678211856,51.3520442905086,72.8452299888133
34.7685703289525,24.4938765037643,34.3612221334697,54.3518370488707,65.845713552635
56.2569330427821,29.9027732171129,55.3897429774081,40.3272635004003,76.9913131735302
49.4036265410012,56.4612874754299,41.4345965606572,37.9268540557432,46.9578240753993
23.6576847612497,23.7955627106731,35.3201287921159,28.3866881320193,56.026945716251
30.2844996729764,23.2858077174634,26.1445389143404,26.8574231523901,36.1465009810708
28.8819355474397,28.8492165172118,29.0426727111663,26,59.3641470386194
33.1372068264737,36.8627931735263,28.9604477853162,29.2348614382637,67.2954156852089
41.2377614868167,34.3656667610414,33.1321905840473,43.5373329558344,50.0703806018463
56.5684527005129,30.9038977773035,29.1758831740612,57.3844088907859,62.9283796843012
37.6630695442359,25.6662279931995,24.9997367959197,38.329823945596,73.3337720068005
26.3127534336032,45.2778286463564,27.7181164159919,32,78.3127534336032
32.0059563068476,61.183640957484,38.7843958964973,39.2654361700642,73.6267617781845
45.885815466106,57.5851589532318,54.2064616290067,53.6593641870729,66.9438666274304
30.9047382782245,35.6860442679199,31.3103723915753,60.7813059896954,66.3439179690862
38.3278927515782,45.0824010393518,33.591417614899,43.4695274617003,42.817164770202
53.5558819151856,59.3046489704779,36.6627139667259,44.4767551476106,59.2185958819115
37.9714413296765,59.807372860333,54.2580501116555,41.9631356983349,61.2294914413321
28.5144163738542,32.9867268973697,28.7583514581509,33.1574368411718,33.2439350842968
34.4887513718363,34.4837519815413,29.4887513718363,34.5012498475737,61.5112486281637
30.3285882612149,41.800706971025,28.2858826121488,34.3428234775702,60.7425878205619
30.813907595629,62.1841190164162,33.1390759562896,33.3721848087421,52.9774784699367
53.1180535888109,58.4986121338183,33.2305557128951,51.5791650146011,65.9249985839438
61.5012085193545,53.53504706128,49.46495293872,59.9879148064552,64.5012085193545
57.413772685554,39,64,54.2413180566619,66.6081653195971
51.9141526284968,39,64,37.7424578854904,70.6078889974569
27.2794863712265,48.4668806786556,38.4394221676298,57.5605778323702,67.2665596606722
26.4992912732683,37.3216816881185,58.3216816881185,47.7510630900975,71
33.7056505016913,35.3528252508457,41.5341647153282,33.7660969898522,56.8869899661739
34.779214036728,35.889607018364,19.5261122470752,27.3247157796318,35.4157192654392
63.376830551417,63.7230358006298,61.6537947507872,57.6844200529914,62.7922768504723
39.9879062267727,58.3319895807525,59.7800173654125,37.77598610767,48.3239270652676
39.7020475927322,57,60.1715550636356,45.142224681822,39.3656889872729
56.0142073754442,57,57.6227800975868,57.8860995120658,39.8754439804826
31.7557160749448,64.0676899777733,55.8005417529388,61.2900125246138,65.1555354906319
16.4579678722713,46.6260963831862,53.6432443086778,33.2195722873897,56.0342958509831
32.8101323138084,57.8429843537791,59.0495547617732,49.0083513609013,55.3719374151163
56.7686169944054,58.8624943401875,55.4812698093439,58.6936962317809,59.4499773607499
49.8773757114339,49.1806077526577,47.2580801030593,52.8096478041873,63.2031837217399
23.8763036082573,33.7123696391743,41.8897161340375,41.4247392783485,53.5484356700912
28.3278981303433,34.4071054516857,35.7786836449428,47.6994763236004,57.4071054516857
37.5292259880403,34.9182903326689,34.2451290019933,54.8560646573647,57.9182903326689
19.5155875299572,44.4868105515429,49.1990407673999,40.4004796163,56.9424460431714
33.9602824652799,61.8609886284797,63.5233895833591,65.5829658854392,62.8014123263996
47.4501626914962,51.5387623510585,53.0406081772994,63.5092291312044,65.9889250425547
61.0113908872836,41.1025179855526,42,60.9943045563582,68.9544364508655
60.8401352650559,59,47.0396843815363,58.5600901767039,60.280045088352
37.8976270595385,44.4458110929817,46.9036319331136,45.0843583197363,59
33.676190569295,42.535238113859,42.746666797013,49.1123807475511,56.211428683154
31.2001388020058,42.0400277604012,39.2801943228081,54.5596946355873,53.2401665624069
37.8162497524821,41.6271863242902,58.0865619430848,55.4540624381205,58.6378126856384
20.0755395683939,17.0935251799163,54.9712230215642,60.9820143884776,56.0251798561313
31.1361916246959,30.787665821052,50.7576412858301,58.3485258036438,59.7120638748986
41,40.1508055912829,50.2990672100935,52.8508903903653,62.7000847990824
37.9761015221967,32.4669157378493,63.556982739954,35,61
36.9977600337385,38.9977600337385,57.0067198987846,31.0089598650461,59.004479932523
35.9437930062363,26.3255160748353,48.5503440498902,33.1124139875274,62.1686209812912
31.6239664984283,17.6421131751431,41.1467840652857,35.5871362611429,64.1192956082857
6.88570482521376,26.7491947863724,51.6603353301518,31.612684747531,48.7714096504275
30.7087582107731,28.0125117296758,57.2912417892269,39.5062558648379,65.6962464810973
41.8014701282287,43.8592430403267,46.1985298717713,47.4296215201634,60.942227087902
52.6135624833607,57.6915267785832,41.8406874500822,55.6135624833607,57
45.8934757771922,45.2031370610127,49.2563991724166,44.8579677029229,44.8934757771922
31.6355421991344,43,54.7289156017312,42.6990964190478,54.0466867012984
36.7617703305686,43,44.4764593388629,48.3379473636254,46.3573445041471
46.5637696739967,48.0799636153883,33.0971636483496,53.4838060586084,44.5961575567798
57.0898451746334,55.5542552134408,35.5169247089443,31.9661505821114,60.5355899611926
30.8746001795666,37.1291533393189,38.0959266247678,34.3542333034056,55.1918532495356
46.2101466092288,37.6403382203076,34.5176324578466,31.7983088984619,48.0352649156932
57.4187440745128,48.8873459373334,33.6749762980513,39.6311137137949,49.2811611176923
39.5380056611827,60.4834296497491,54.4619943388173,48.6042870621864,55.3625722373118
29.2104218798811,56,55.5965260400396,52.444664920251,57.8655086800132
33.6673150610017,56,54.1108949796661,43.035668204552,57.3702983265554
44.3721664179421,46.0258924933724,54.3009705443427,43.3721664179421,56.1326863037715
40.2690970819541,38.4923611672184,36.7767359147358,31.0305553311266,56.8307870557394
39.7192480348112,41.2660400290093,43.9639013584747,45.5681786995439,43.9639013584747
48.6573226432709,48.7144355360591,50.4191774645846,54.0096936075337,50.4191774645846
52.9042666856999,53.476066671425,54.476066671425,51.0931334142244,54.476066671425
32.3674060751994,54.8632593924801,43.7520733413597,45.7948890887201,55.8632593924801
35.9301434020655,46.8122350441849,43.2117908357881,44.2117908357881,49.2707450147283
49.6285259041584,55.6183380812447,43.7010187822914,44.7010187822914,52.2061126937482
47.2354066115391,57.4118022038464,44,50.3822966942304,54
41.6596281416488,56.4538291444682,36.6596281416488,51.7519698527124,53.4538291444682
39,55.5584734860951,29.3469722235282,45.5955214636373,51.9239696983944
39,45.4207632568972,18.726513888178,53.8022392682261,40.3380151507397
39.5522028658016,36.7911885367937,25.2528687792376,49.0603484155718,26.3735656103812
43.3137586816372,46.659953697935,30.5486545019909,45.7186776530234,44.9737123795722
44.5693126171577,58.8017048546023,55.8017048546023,63.8102291276141,55
53.7577534610484,58.2912359188306,55.2912359188306,60.7474155129839,55
41.9237410072847,44.4812949641004,58.5575539568157,49.7503597122792,48.5964028777318
38.4155734236188,38.2285230639226,52.9039356749724,49.6026237833149,44.3013118916575
39.6880732559624,51.8659137747345,40.8892025938606,44.9124914129867,40.8892025938606
34.716223663273,47.2765141507136,42.8014524372027,53.3263907236918,42.8014524372027
29.7443740705295,42.6871145266426,44.7137022805656,61.7402900344886,44.7137022805656
32.9444530212146,34.588384228237,44.8232315435259,33,48.3560687929776
25.6920218766128,35.1983203950764,43.3037791110781,35.3966407901528,38.6962208889219
34.8158974796154,37.119136311498,38.9819432991295,39.238272622996,43.0180567008705
40.7309731162431,40.5964596743646,38.7309731162431,50.520352139337,53.6548655812155
51.3979581040056,51.7173085060774,32.4659860346685,46.6126216672653,40.356009310221
35,42.5878483054209,29.9392415271044,32.8210139852358,47.8210139852358
35,43.6629952675004,35.3149763375023,39.8094692387529,54.8094692387529
35.8873411908781,53.7607530996591,32.5632940456095,52.6480942905372,54.3379764273657
34.5656474820205,41.8183453236307,47.6160071943487,45.4244604315077,58.5251798561641
36.7883524505595,36.5036934307833,47.8465901977619,36.4306819604476,59.8539770593286
39.2279429468445,39.9191201255823,38.0882282126221,38.3823543574756,56.9264684637866
37.5401133639042,36.9459886636096,34.7561587094659,41.8109603226335,27.7831643776611
43.7337143981293,35,51.1904339540313,33.5259682664588,57.4740317335412
32.4401569653258,35.3485938521894,41.3943754087576,35.8345323740834,54.8168737737272
35.9543769942718,35.850625284896,43.4025011395839,41.3568781338557,48.7924965812483
26.4373991302664,36.2915994201776,52.7084005798224,38.8211833574926,63.0330169324186
48.0798081535763,56,45.5403037568375,51.8603357312414,54.660015987202
49.6308629074243,50.7713415859631,52.8044089867749,51.3581146256384,49.3691370925757
56.7574655359573,44.1537820023254,53.8224950765653,41.6862967726294,42.2425344640427
53.0533934297332,61.6755655716222,58.1081448094593,55.3244344283778,59.2162896189185
50.3711622250099,59,54.3200932212465,58,61
55.7856293477631,56.5712586955262,53.6191608696492,47.8802445646926,58.1664684781139
54.2795350496434,53.5590700992868,55.6272866004755,35.3294587470283,54.6522484491679
41.4527689476161,34.8208465785758,43.5374602642725,45.8208465785758,49.801305002353
14.2836841639177,37,50.7153684459105,36.8562631376977,52.2870000295188
18.6259571819398,42.9718165105737,48.6870214090301,41.6353516784152,55
28.1595037853294,49.5719641590742,43.9202481073353,48.968849065638,55
42.0881473037669,55,44.8064320819213,55,55.3204288054614
46.1688486666786,38.9433612121429,59.8169916363571,41.3518570303215,28.703714060643
40.0872023507911,37.1737764717827,47.522585874947,39.7390211774262,35.477414125053
35.4670989968407,39.7405005573107,31.6088965446736,41.7924004458486,51.3911034553264
41.1294240988679,33.4529843460375,37,25.9373124613834,38.6137522142137
53.0488881621848,55.9432090690943,45.0488881621848,46.6829627207283,54.1545672552754
53.0676577851273,54.6691444628181,48.3308555371819,49.7970266446182,56.3985133223091
52.0580322445595,52.1450806113987,50.8549193886013,52.8259032663216,57.9129516331608
40.0552803042175,49.560709922756,41.4175716030898,56.1648567938205,54
34,54,53,53,55
