"energetic","enthusiastic","content","positive","accepted"
45,50,40,50,50
46.9887174166672,10.4830761250007,6.98871741666717,38.4943587083336,50
40.268447672136,0.402671508204069,0.268447672136046,35.134223836068,50
34.5989304814352,43.8502673796412,18.4491978610764,37.7005347592824,50
25.5649167733125,14.6734955184896,19.0755441740365,11.7387964147917,32.3367477592448
49.4512163892262,47.8489116517031,62.203585147214,38.2791293213625,48.9244558258516
39.5011655011748,50.0038850039159,45.0038850039159,50,60
42.3259187621322,42.4419729207107,23.5469052224876,19.7678916828429,53.8950676982232
61.1194390716388,48.7064796905463,45.4726789169119,44.8259187621851,38.2338007736343
51.8669856459634,54.034449760872,43.7339712919269,50.9871770335415,68.4334928229817
38.919898283565,30.2026700572145,23.919898283565,34.9332485696375,56.8931977114199
19.1538461538462,30.8615384615385,4.15384615384615,18.4615384615385,30.5384615384615
29.903683676891,15.096316323109,35.2889489693269,25,44.903683676891
17.0433260808171,10.5108315202043,0.510831520204283,15,27.9566739191829
26.8475073313407,12.9618768328352,2.96187683283518,15,18.1524926686593
32.3545454545816,12.3545454545816,6.58727272725105,12.3545454545816,10.8818181818061
18.3558994197351,0.82205029013244,12.8491295938146,1.23307543519866,17.8771760154635
10.645737241476,4.677131379262,7.45201606903321,7.01569706889299,31.369959827417
2.9355750632169,8.53221246839155,2.05490254425183,12.7983187025873,44.8627436393704
5.1015129963783,1.53045389891349,4.08121039710264,12.5507564981892,5.1015129963783
38.6072675545332,11.58218026636,30.8858140436266,29.3036337772666,38.6072675545332
13.0426716139527,26.3042671613953,31.5213358069764,30,50
1.39705882352941,25.6985294117647,1.39705882352941,30.5588235294118,50
36.0360962567376,43.0180481283688,36.0360962567376,44.414438502695,50
24.9393317154382,49.9514653723506,34.9757326861753,44.9635990292629,50
0.756020160630335,30.6048161285043,25.3024080642521,30.4536120963782,50
33.7048475895534,43.4819390358213,21.6295152410447,26.6295152410447,16.2951524104466
50,50,57.9476584021491,48.7172865013432,47.4345730026864
8.79646669113041,50,41.7592933382261,29.3982333455652,21.1575266837913
30.8539944904363,62.3415977961745,52.3415977961745,46.5977961433054,36.5977961433054
67.2880061116873,52.7119938883127,72.9660045837655,51.3559969441563,67.2880061116873
52.791443850324,50,62.093582887743,62.906417112257,65.697860962581
41.5392999102602,50,62.8202333632466,56.5392999102602,56.5392999102602
40.5227272727273,31.5909090909091,55.7954545454545,50,50
50,36.8494101319908,47.3698820263982,50,50
39.3939393939013,28.7878787878026,41.515151515121,45.7575757575605,50
26.9706559263998,3.94131185279952,31.5765247411198,40.7882623705599,50
28.8556773965229,6.94021931374119,45.4227095860915,47.7113547930458,11.4432260347711
37.7005347593504,34.4117647058564,50,53.8502673796752,23.1016042780513
47.9639532580788,68.28104575166,50,58.9819766290394,53.8918597742363
39.8601398600472,39.8601398600472,39.8601398600472,55.0699300699764,50
44.3825042882377,39.5883361921585,28.0823327615683,57.6029159519604,61.9854202401981
58.0810366104811,43.8593171535394,23.6972439325773,53.0810366104811,63.1024269849826
44.7685613775448,24.4506572857084,13.1790409183632,32.9476022959079,48.0925754489821
24.1138328530259,26.8083573487032,5.46109510086455,18.1916426512968,36.3832853025937
9.8131137155905,39.8131137155905,4.8131137155905,18.0218561926508,26.4174849541207
38.2517482516898,33.2517482516898,2.62237762246537,31.7482517483102,40.8741258741551
37.8019561755482,32.8019561755482,26.1456516793545,43.3436955038064,50.5728258396773
51.5535673667134,46.5535673667134,45.7908105238763,49.2372431571629,60.3954052619381
63.9492919141523,58.6866148926904,64.7373229785381,53.1612608497666,68.9492919141523
31.0520579561304,27.0297474035031,44.0594948070062,23.9851262982485,51.9925631491242
11.6410427807885,15.8205213903943,19.1794786096057,30.8205213903943,55
12.0001989257414,14.6667992838276,17.6666003580862,48.333001790431,57.6666003580862
6.80040629760291,15.4012188928087,25.4012188928087,54.5987811071913,54.5987811071913
12.2888459057391,25.9155383622956,35.4577691811478,45.4577691811478,45
47.0235546038544,53.6509635974304,42.8372591006424,48.5117773019272,47.1627408993576
32.8783646521178,54.9257237175878,28.486541391529,41.4391823260589,51.4391823260589
39.4578466226713,31.8975368206505,2.16861350931491,44.7289233113356,54.7289233113356
30.6434474616684,62.7479338841607,32.7479338841607,59.0348288074974,36.2868949233367
60.6656071201488,39.8668785759702,38.6687857597024,50,71.3312142402976
62.3127781309587,39.5374443738083,35.3744437380826,50,74.6255562619174
63.9599491417686,39.2080101716463,32.0801017164628,50,77.9198982835372
57.7348801825336,41.6638772664044,30,45.1565867883557,76.3674400912668
38.023963484139,48.891213389149,30,32.0159756560926,66.5119817420695
57.5979305247304,57.7937915741913,62.5979305247304,60.4804138950539,60
21.4859117490274,30.8107389686284,17.4593301435312,18.2429558745137,50.8107389686284
49.0350877192982,34.2543859649123,23.6578947368421,32.0175438596491,54.2543859649123
57.8069540021587,53.4208620064762,28.7721839913651,35.9652299892063,59.0347700107937
37.2912172573434,28.2077041602808,31.8329738058748,31.3747303544061,68.6252696455939
45.2758089367953,39.3861325115134,38.2206471494362,36.1654853620772,63.8345146379228
53.2604006163145,50.5645608628402,44.6083204930516,40.9562403697887,59.0437596302113
60,59.6146141371764,50.7707717256473,45.3853858628236,55.3853858628236
60,57.1429934179128,55.7140131641744,47.8570065820872,57.8570065820872
46.6731141196921,45.6711798837844,52.0038684718152,39.3384912957536,61.3326885880308
43.7403697996153,38.6221109398846,5.41987673346157,17.0993836673078,49.7900616332692
23.7788906009857,32.6336671802957,12.0737031330048,50.3685156650238,46.4631484334976
35.6640227780602,30,41.5680292860774,56.1439902379742,42.0479967459914
3.41207349081365,19.6587926509186,20.0918635170604,38.9763779527559,58.9763779527559
34.3235504653302,16.567644953467,29.9835361489056,29.702934860401,49.702934860401
31.9414141413018,15,37.579797979814,32.7393939394421,47.579797979814
50.3888958359136,64.2222083281727,39.6111041640864,40.3888958359136,30
56.8688258096637,51.2623483806726,33.1311741903363,46.8688258096637,30
33.148395721965,49.4752673796725,43.4258021390175,50,34.4752673796725
49.9493609838366,59.8987219676731,59.8987219676731,54.9831203279455,50.0675186882179
40.577525922332,41.1550518446639,41.1550518446639,51.859175307444,62.5632987702241
44.5939271996519,43.4314980795126,37.6751417597215,50,68.0812145600696
60,68.678977272695,13.2102272730498,46.321022727305,53.9630681819149
54.2631045834489,67.1315522917245,0,33.5262091668978,41.3946568751734
41.3702928870293,52.918410041841,12.081589958159,28.4518828451883,33.2740585774059
57.1904566023684,58.6137392021053,45.7301522007895,52.8835870013158,58.6137392021053
63.6617730095767,67.8872576698589,58.4509693205645,49.4362883492944,72.1127423301411
56.3466967815074,65.4488989271691,68.2044042913234,37.2444946358457,74.5511010728309
55,40.724401913944,33.5866028709161,59.275598086056,70.9540669856573
62.6396495071121,35,17.3603504928879,47.1741511500717,59.8138006571838
65.1822371177043,51.8621700880348,36.4976958526261,36.7448680352139,57.2266443234435
63.7991140215831,39.607087827335,46.0044298920844,14.3669106316516,53.6026579352506
67.4105611369884,46.8739279589188,44.8211222739768,26.6950502328956,57.2316834109652
55.1451780161477,65,50,53.3010715519672,60.0483926720492
61.7243867243724,53.4487734487448,60,59.8268398268828,62.9307359307531
65,62.122052704577,60,58.4882108183079,63.6685159500693
63.6319290465456,63.6319290465456,60,67.2638580930911,68.6319290465456
56.4406779657649,65.0693374420963,63.5208012326289,60.2465331278952,57.5346687210482
35.0049609325321,60.0024804662661,63.4010914051571,62.6003968746026,54.0009921865064
65.3187361418959,74.3625277162083,70,65,60.3187361418959
69.8909849274851,65.0545075362575,69.956393970994,64.9454924637425,65.087212058012
64.9786709640687,67.5106645179657,67.9914683856275,62.4893354820343,69.0170632287451
60.0663570006523,69.9668214996739,66.0265428002609,60.0331785003261,72.9469143994782
49.3391902214673,59.3391902214673,63.6783804429345,50,74.0087853322009
46.9405350576496,56.9405350576496,53.675668822062,58.675668822062,65.2054012932372
59.9386267740851,69.6931338704253,69.7545070963402,74.9693133870425,74.8465669352126
50,20,30,70,50
