"energetic","enthusiastic","content","positive","accepted"
78,66,77,50,21
50,50,50,50,19.0889029003883
62.0326978496814,50,50,50,15.9061183773017
60.7498473749274,48.4658882783992,50,50,16.0227411477339
62.2262632767027,50,50,50.3060830382955,15.7547473446595
31,43.5916858277945,42.0838471990403,50.6230403428114,24.6387176003199
31,33.3526860368317,29.4356709866744,50.0207462374607,28.8547763377752
62.4142554694359,60.4874735357565,60.4142554694359,41.1647406492211,39.7986503176186
53.2178046672085,51.2178046672085,48.5499332128108,46.3357429087954,40.8892904847992
43.2562662056769,41.2562662056769,35.8716115344979,51.769309342358,41.794884890393
59.727067911176,54.362407467056,44.2763115544199,60.0045059541279,45.637592532944
53.7618116562856,48.4516016713203,40.228278337271,38.7766766659507,26.3399400042956
35.8574030426275,56.4777158774429,47.0196057424517,37.5418898650088,33.7486608099473
58.3423236514523,59.2582987551867,50,60,50
64,57.4018518518371,49.1998575498587,51.9985754985868,39.5981481481629
56.4715788355409,54.6225563111007,46.3112781555503,50,34.8490225244403
56.3358974358439,54.5256410256028,48.9782051281631,54.0730769230425,44.314102564007
54.5404535705191,53.7282408827646,50.4778577997707,56.9572479315171,47.6656451120161
41.5400399873097,43.4626959906938,36.6940439860407,36.9233399978849,40.0787119856176
59.7324529095322,56.8037988003236,56.7056982004855,39.9554088182554,60.6967799641365
41.6445381102497,51.933614330749,33.8710923779501,59.3554618897503,61.0976466456505
45.6786153845787,55.2381538461049,45.9186923076577,51.1190769230525,58.757999999947
35.039692307663,41.052923076884,35.8708205127928,44.026461538442,43.3906666666243
27.7538173437119,34.2614520311356,31.5076346874237,36.3769086718559,47.9150821089745
40.6407461748028,33.1555229511833,29.2694403688979,39.9879480192923,53.8324250681091
38.2250052399899,47.6499685600603,31.0812460700075,46.6312355900276,45.9812670299673
33.5725490196078,31.8647058823529,24.2882352941176,32.8627450980392,36.8588235294118
46.2751479289841,34.6375739644921,30.5857988165623,48.0162721893356,36
35.8456444218196,37.2308711156361,32.115435557818,41.1919510952737,34.884564442182
39.0354251011137,50.5121457488913,41.8957489877797,45.988866396669,46.558704453336
51.6179752890928,58.1476683940295,58.794539657405,57.3429653247609,58.3039059386146
35.3888276000481,41.8754136996754,31.1385518002645,63.7916207000361,45.7078277003967
33.0770233677761,57.4800922675114,18.4236285227685,62.0577675258321,26.6354427841527
34.1646609204516,46.7255651325806,52.4511302651613,64.1097739469677,61.0548869734839
38.3565747080725,56.0587998389366,60.4632501006647,64.2830749094018,54.9265002013293
55.1829691905418,65.3423278292644,54.6610451067097,69.5050594039612,43.3220902134195
31.5590994371147,53.792682926805,34.1416510319564,53.2992495309289,42.6744840525757
19.6717757885016,43.7049807432056,56.049807432056,42.7867180181184,57.9348652024392
29.8692099510844,41.9054335380439,38.0543353804393,47.5855105652162,45.3380347663075
44.5959543568465,47.3973029045643,33.5695020746888,55.4834024896266,37.1721991701245
44.394801545506,52.5131717597513,59.7235686687393,52.0526870390052,39.9736564804974
51.6926471762774,54.5285166546811,59.7858055755315,52.5285166546811,41.8428388848937
62.2800143781233,57.2904385334235,55.1826024442942,55.2904385334235,42.7634795111412
43.1534394608524,40.0593771787248,36.3415640251074,43.9059377178725,40.1534394608524
39.1357192656425,35.5952436284916,33.2166705399442,43.4595243628492,36.1357192656425
35.1179990704326,31.1311100782585,30.0917770547809,43.0131110078258,32.1179990704326
49.5119230768681,48.6190769229889,43.2737692308903,51.1626923077106,49.9166923076153
38.3517395467349,34.1172465155783,55.8207256090482,48.7034790934699,38.6620651133163
30.9942547079274,31.6647515693091,38.6532609851638,33.9885094158547,40.5014363230182
17.3541580041035,33.8882536382289,28.6022869023761,21.0681912682508,34.2670478170627
35.7072090213503,34.0608135320254,30.5912202980381,41.7956101490191,38.6796214257069
39.4206202174814,39.6309303262221,38.9463954893332,45.9731977446666,47.4989730165184
42.8827838827839,44.5897435897436,47.3516483516484,50.0586080586081,56.0586080586081
26.5531397174491,39.5207221350054,54.5207221350054,50.2396389324973,58.5207221350054
12.5386285205538,23.303462095095,36.0772570411077,38.8689747300633,56.2172436825158
9.8880494505167,12.1724664224519,18.2844169719352,30.543116605613,57.2586996336778
12.0479947402606,16.9049967126629,34.5230111769462,20.2380013149348,51.3339907954561
17.8221551176055,22.8775429116191,26.4664653528164,24.7550858232382,45.6122854419046
19.5495465232816,27.5495465232816,30.5495465232816,33.343466577051,25.5495465232816
21.3897748592423,32.1948874296212,32.3897748592423,38.9350375234596,18.9744371481058
20.0994569182103,34.2513577044743,28.3978276728411,33.5967415092617,17.0994569182103
19.1652346599634,36.5869133500915,24.6609386398535,27.9914079597803,16.1652346599634
28.3162029460136,58.7378068740317,20.1182487724943,55.7249590835419,47.8303600655464
31.3504384216826,56.9399163013007,24.2565763252387,63.2991231566348,55.9486847349523
31.8098047030693,46.3744918294068,31.147070546039,62.3803905938615,54.5705858907922
30.6,28.65,27.05,30.4,50.05
23.9713874910182,39.4214953270954,27.8785765636227,37.0286125089818,34.3070452911683
29.869064245799,33.0741566394627,39.0961807047522,41.1703373442149,35.6987269015841
28.3467112598212,27.5306577480358,41.8569305091664,39.4080267558927,48.1839464882146
39.8495158687259,36.1550564819441,31.8703604088122,34.5693921462639,33.2013179127867
47.3778913394038,48.9975793436889,35.41312533619,53.1689080149977,58.4435180203541
54.9062668100818,61.8401022054337,38.9558902635679,71.7684238837315,83.6857181279214
26.9551282051064,40.2243589744681,38.2991452992909,27.5085470087945,80.0747863248227
21.6276767151581,48.9373960498485,59.0543659043742,63.3723232848419,82.6276767151581
16.2363305613157,35.1595114344734,61.4505197505264,68.7636694386843,77.2363305613157
33.8211206897579,47.576591512047,42.0875331566252,42.2207393900588,41.7097977454806
48.7735042734918,62.7585470085139,58.5619658119613,62.036324786315,59.0876068376077
39.700348627974,38.7794928025026,55.3215530814193,54.9074167791224,59.7356893837161
64.5441176470588,67.5,49.9117647058824,65.5147058823529,56
35.8607466063546,37.9474358974563,48.1733785822033,55.9535822021182,56
33.5620801733469,35,37.8825568797555,43.7583965330616,43.6342361863678
34.5909168956003,32.6363324175988,35.909168956003,42.0910027472036,43.4546703296048
28.7576240327937,31,33.0640267031041,34.5152480655873,34.740858746829
24.7352460862777,23.8330611555736,26.2057382588331,33.6374310169818,40.6475391372231
29.664615384362,22.9446153842753,27.1384615382281,44.7353846152046,59.2276923076456
61.8902928896837,65.5341757338102,56.5341757338102,67.1780585779367,63.5755313765062
63.7130250506136,66.6278150303681,57.6278150303681,67.5426050101227,60.6591599190183
65.5357572115435,67.7214543269261,58.7214543269261,67.9071514423087,57.7427884615304
66.6592111228491,73.1390358168156,59.2197370409497,69.3587728577653,71.2197370409497
59.4235757038298,64.0392928397163,56.5196464198582,58.4235757038298,67.174656395461
55.5911106184855,57.6518510308092,53.3259255154046,54.5911106184855,55.0385169585374
46.6676767676768,46.620202020202,43.0964646464646,51.4287878787879,52.6186868686869
54.6396425151396,42.4446217682681,34.138844557933,43.1107564634637,57.5834663262011
42.8289445685923,36.7647356101806,32.8663155654874,37.4652622619495,59.1336844345126
23.835897435955,26.8974358974719,37.612820512781,37.0615384615169,65.612820512781
17.9776636406995,22.6592212135665,44.318442427133,46.5922121356651,72.9776636406995
19,24.2223346828543,36.0362123257352,41.4436572200199,70.3329959514371
26.2976150483544,32.1366308361162,29.1366308361162,35.4683406110414,62.6780315755236
52.2443351221639,49.3109719736632,58.0444245676662,54.3109719736632,25.5775193796601
54.9317098312176,53.7640284757285,57.2670725421956,57.2981735601197,39.6585491560878
57.9018167761968,58.5904522613198,56.5245458059508,60.6395438732214,54.5090838809841
60,60.1071328671195,47.0088811188178,60.1606993006793,50.8034965033965
27.2991925201802,25.3867934551577,30.5619953251127,33.6859859753379,11.489215894617
22.4009774755597,21.1008552911148,27.5006109222248,24.5018327666745,21.8979228644356
42,32,62,59,56
