"energetic","enthusiastic","content","positive","accepted"
50,51,61,40,38
56.3947405828172,60.2631603885448,62.7631840797206,41.7631840797206,42.7631840797206
41.6806996541039,46.2534716679397,63.4366320830151,51.0282122905527,45.7277201383584
31,35.4463680387385,59.9100484261237,48.3737288135088,50
39.4476961634902,40,41.0376711008037,38.9330634277842,50
31.1694892741369,38.2024971774045,45.4049943548089,50.8305107258631,51.7975028225955
19.6011556086569,35.1581988443834,39.3163976887668,62.3988443913431,54.8418011556166
62.4404938271605,61.8320987654321,71.2622222222222,67.3950617283951,65.8706172839506
59.3081216160827,59.5615715674687,47.9075107594273,77.6882965431617,66.7807857837343
24.9439400248555,34.1066222406337,39.634652228206,56.6879633485228,54.0533111203169
28.7602265575909,26.5613593455453,37.4795468848182,35.8147681980756,42.8011327879544
29.1575666915944,29.504213413102,41.0315133383189,27.5672400897398,50.4096733981454
32.0145848915371,38.6466716529187,41.6029169783074,37.8525056095336,57.8379207179965
38.6123273552238,38.6580498865673,49.4950319522387,42.6938363223881,60.6938363223881
51.8733931240658,52.9872944693573,58.7974588938715,59.227802690583,68.1139013452915
47.7129025884464,48.9802410591138,52.7129025884464,52.2475795297812,66.9010077060011
39.1784920634992,37,43.2860317460034,38.070952380995,61.8215079365008
28.3877754086434,37,32.8540156360882,29.6012793176655,35.9890547263089
23.8593995567101,38.6211162603176,43.8125327422802,38.1953657062053,64.3359661494951
31.2481563570133,45.3941433272622,53.6642084760177,54.2043387735288,72.9561824165155
37.9516397998491,38.3225866221887,35.9193996664151,46.1775060217359,49.1452658883019
31.8626234132581,39.392101551481,53.9021156558533,46,64.5100141043724
38.6356504802027,42.4707502182739,45.281899388833,46,52.811149170559
30.9723478579767,41.4551571979946,43.5448428020054,44.3034381319964,43.6068762639928
46.025454545581,50.0145454546177,46.1553246753866,51.4441558442333,54.4405194805788
47.3198940363312,47.3487109905182,56.5504296698273,49.855915229065,57.9567745687195
36.0063361421153,39.0126722842305,59.5974655431539,42.4152067410766,55.4025344568461
41.9947089947246,50.9894179894491,57.2021164021102,56.787301587339,57.7978835978898
43.6978043912176,57.1860279441118,56.3720558882235,62.5117764471058,59.1860279441118
41.083718277737,57.5594688174661,57.1189376349323,59.5242494602709,59.5594688174661
38.4696321642327,57.9329096908239,57.8658193816478,56.5367224734089,59.9329096908239
39.834650663547,58,58.3669301327094,58.2015807962564,68.8063231850257
42.071087041371,58,58.8142174082742,60.8853044496452,79.5412177985809
38.6134453778173,55.0003361342468,50.6131092435706,60.3226890755635,63.1936134453381
75.5248726466645,79.7037873753836,72.5308084164109,81.4751273533355,64.5864894794863
60.8723404255319,69.1542553191489,65.3421985815603,71.5132978723404,64
40.3632447955197,58.5908111988799,52.7361091170878,62,63.036324479552
66.259790732383,62.4916079436717,63.740209267617,68.9832158873434,72.7513986760547
50.1203294148671,62.4980673440829,66.7490336720415,71.2471010161244,68.6235505080622
32.4633990835057,55.1917513448989,63.0958756724495,60.2876270173484,63.1438135086742
51.7191283291679,52.479418886112,54.9725585148159,61.352703793288,56.986279257408
41.6266760651284,38.282534461109,51.649373433569,59.6558583959806,61.6785557644213
28.3434210526316,21.4092105263158,45.9052631578947,56.0657894736842,65.6276315789474
15.3995218171235,14.7356445505696,38.5992827256853,46.8648336323069,63.9318190875579
22.9603989703967,35.28718146714,57.16837837833,49.3267824967434,56.2475804375367
22.3704633204626,24.668339768326,44.7797297297136,39.2978764478634,45.0388030887885
12.2942515652018,13.4706507304275,19.5296528173633,14.8826029217101,21.8237526086697
25.9807152735412,28.2850424816664,23.0338668245827,21.8551274449993,49.7295396164575
56.0409129332979,40.4064243449144,36,36,64.0789518173982
75.1917575757576,51.0012121212121,40.6055757575758,39.4041212121212,59.8009696969697
36.3433696349106,53.0572282724851,36.6581251335786,29.6867392698211,73.685244501332
27.6642957042814,28.2261738261976,39.4381218780838,41.5547652347605,59.3285914085628
24.0009190809143,34.3318015318095,29.6691175491048,40.3336396936381,52.0018381618286
36.3720789779299,40.5578164923869,33.6740534261766,38.6506852496155,68.4415795585974
58.2609605911991,57.8406403941327,57.484729064059,60.3559113300737,58.4508620689484
41.3257389162121,46.5504926108081,52.4668856048036,54.0836070060045,62.8414750957969
31.2029689608637,49.0866396761134,50,60.8836707152497,67.6955465587045
25.3961089494318,27.5844357977272,30.7866592551948,28.3766536965908,59.9944413563312
18.2324357656438,22,26,20.480630352863,56.0774785885479
14.1955739972502,24.5092274254288,23.8044260027498,19.7453862872856,55.2546137127144
31.0927113702021,34.1411078716784,50,50.9516034985237,68.5725947522144
56.1191586648213,53.632843425408,56.9629498986986,61.632843425408,63.7520020902293
60.3110196616478,60.8188908485392,70.7362074597001,68.8188908485392,75.129910510187
67.8740740740741,62.6772486772487,69.7756613756614,72.3111111111111,80.7206349206349
66.4645502645903,58.640211640227,67.9603174603405,61.7280423280454,76.1841269841362
51.0846560845961,52.7248677248446,59.087301587267,60.5449735449689,72.6349206349068
38.6365115522162,50,58.2180930686703,46.5912788805404,62.9547673283242
34.9066518436146,17.3605336298738,15.6674078192692,20.4935705021662,63.2532147489169
53.8306263583495,40.2487518934568,39.5312520581052,41.8250016464842,61.7174998353516
65.5125387432856,60.4974922513429,60.2537616229857,61.4874612567144,64.477430262086
64.5996563573883,62.286941580756,63.1649484536082,72.1563573883162,76.2783505154639
56.3917149518086,55.4923876124162,68.4923876124162,69.9898501498883,65.7436563436802
21.8645792563484,44.4583170253937,56.7812133071357,55.5937377690452,57.2708414873032
57.3102369451484,76.691741431009,58.2582010582641,65.8766965724036,74.4951920865431
62.4773506725595,57.7138139861229,79.1204436794981,76.137017912936,80.9668515331242
40.8542742399008,42.5192197361465,65.0946643718275,65.0332759610301,75.1227768215948
57.5222629222095,73.2506308504659,56.1545787545351,48.1030525030234,64.8454212454649
3.24796163069544,18.168824940048,11.2057553956835,11.1741007194245,77.9630695443645
7.77460317459072,20.9841269841192,19.9523809523576,16.9682539682384,72.6285714285854
12.8524427953221,21.765038136452,32.7922902495142,30.8796949083843,57.2678622962937
25.3294081190144,47.4352856110337,52.1058774920193,31.7129428777933,65.1058774920193
27.1888511488543,47.8498301698445,57.4527872127864,44.036403596379,60.9442557442716
28.4992029428482,39.1664009809494,58.4860004087289,60.8055998365084,51.0692008992036
58.8237424545725,48.2701542587627,60.0983232727633,55.9867203217157,60.3861837692384
22.24265129683,20.9412103746398,14.1544668587896,10.3383285302594,51.6985590778098
22.871689309728,25.9735144778242,22.3319610264643,24.1771648140164,56.1018251680961
47.8217687076046,48.2758017493754,50.2401554908963,52.5309620992505,69.7654810496252
60.6600563909826,59.4182330827114,61.4836466165423,64.692763157898,78.385526315796
64.6091322055086,63.0083020050079,62.2016604010016,67.2058114035055,83.411622807011
68.5582080200347,66.5983709273043,62.9196741854609,69.718859649113,88.437719298226
24.2923588037491,40.2059800664584,63.9114064229859,66.9700996677081,79.9700996677081
14.3325490196078,44.5448128342246,59.4245276292335,60.2429233511586,70.0919786096257
19.4684593837401,48.7469213139692,57.5569238604581,56.9746167558017,63.088464476718
18.4700955526579,52.2769140026079,60.541866226279,59.7948566710132,68.3367228972922
14.8652038850175,55.5213165034842,65.5887145609755,65.2021941724737,78.7909087334492
11.2603122173772,58.7657190043605,70.6355628956719,70.6095316739342,89.2450945696062
27.5082815736532,61.5213250517845,44.5082815736532,51.0853002071381,64.1409937888384
70.8981644053699,64.467863793513,70.7466613460852,67.5818036711416,75.1515030592847
48.9486033519553,45.566852886406,64.0398510242086,49.2905027932961,59.9087523277467
61.9104514533135,79.1045145331351,82.9254174397621,79.1194805195837,98.5522572665676
84.1379870131612,81.1405122655961,77.1417748918136,83.9949494951301,88.0012626262175
67.7808496429568,73.53571685415,71.1168849848363,76.8149381003591,81.4074690501795
45.6471259054071,63.1752504238076,63.5820003082237,64.5707505008635,75.2853752504318
43.5484869809867,61,62,62,70.6020173586844
46.774243490508,61,62,62,66.3010086793226
50,61,62,62,62
