"energetic","enthusiastic","content","positive","accepted"
69,60,70,74,79
14.4647923875264,18.9074394463908,30.022145328662,30,40.5814878892782
18.5031141868584,13.138408304488,43.8678200692289,30,39.4276816608976
36.832887700471,29.7032085560789,23.7506684492935,32.8054812834118,48.3516042780395
22.4944356120384,25.4912559617747,36.9729729727582,10.4896661366428,58.4864864863791
15.7507002801147,20.4061624649857,20.8123249299713,14.5602240896271,50
11.2220524573682,20.972243442829,21.944486885658,29.2783295135535,50
30.8336547734959,40.764223722226,46.4337029893216,45.8273866923129,57.882111861113
17.1948235294024,15.2597647058699,29.9416470587783,24.5195294117398,35.6818823529085
20.3331764705976,19.4442352941301,45.1103529412217,32.8884705882602,46.6661176470915
33.7655116840403,18.9629331184849,45.8887993554546,32.1950040290708,52.2320709105859
1.26656738595117,4.08041697688579,7.12062546532868,13.9396872673357,40.0402084884429
47.8146809571249,52.9405533399749,55.12587238285,42.1456879361917,40.5827517447667
41.5811939182675,44.2136714855746,52.632477567307,42.5612537387822,42.2450149551287
35.3477068793471,35.4867896310859,50.1390827517388,42.9768195413769,43.9072781655074
53.8990109317071,28.7626236335366,42.728526808994,36.0163977096039,40.2196772515246
68,44.0546787821773,41.7594452415378,39.6749561614083,31.7594452415378
68,66.9119241192412,48.1382113821138,59.3428184281843,38.1382113821138
58,37.0964891885737,45.0306905371555,41.8332945829009,59.1622878399919
63.8974008208097,69.4186046512552,62.589603283239,75.0595075240893,75.7777017784211
61.5882962511488,67.9902468759573,62.1960987503829,69.5687900030634,71.1765925022975
59.1491618408934,65.9576348674112,61.3830539469645,63.0644315757159,66.2983236817869
50.688261207575,40.3228815755655,41.8066856698843,46.2904897642031,34.7530448302999
11.2090801421215,11.7909198578785,30.4635609948502,54.3548361627208,46.8637978681782
11.7356494275569,11.2643505724431,34.1495459928982,40.1374654559641,38.9652585866467
6.44494006136582,29.5168664621139,38.7775299693171,21.8898801227316,22.964036799626
41.6458333331264,38.2830882351846,61.3008578431068,67.3982843137864,63.8229166665632
24.5197669977105,38.1412815125925,52.5856569900786,59.4180194805388,56.9868220015264
22.6092436974699,48.6491596639156,44.3067226890362,43.178571428494,58.2605042016867
20.6987203972487,59.1570378151323,36.0277883880776,26.9391233766137,59.5341864018342
13.961310698778,7.15475720488785,9.38689301221963,33.6904855902243,32.8839320963341
13.4347414133426,9.26103434662958,14.6525858665739,29.4779313067408,31.3042242400278
13.9286664892106,11.3095554964035,18.3808890071929,23.8331115251753,27.5235560287717
35.03801231697,50.941388830166,54.2106604377142,51.0184752603587,58.3452962414883
37.7555555555556,45.2777777777778,53.6888888888889,58.3222222222222,51.4777777777778
55.1908496731299,58.8991013071327,58.0477124182825,64.3156045751384,55.2917483659972
62.5411266201381,39.7619641075953,36.5974576270429,70.6709870388952,60.6709870388952
48.990520175101,28.665775400942,40.1096256682367,70.4749635391656,61.6062226543742
33.9275895140417,36.3668478260546,51.9042519180995,61.5374040920449,55.4883312020289
26.9984814578046,27.3057065217445,35.3809942455341,54.0752877237896,50.6912563938647
56.7206955773987,59.4804637182658,64.4804637182658,63.8246028337455,59.4089738083582
46.240558480165,60.3101396200413,62.496223392066,57.8683909361155,61.6202792400825
38.1858102572717,52.137473373775,53.6133049320267,39.1782729805567,46.3232836310467
37.3968177436154,48.1135486982396,49.1135486982396,32.5482160079349,37.9816779171834
63.5518467852127,66.4771545827481,61.9253077975354,63.4481532147873,62.5518467852127
38.2872495151265,42.8114899806051,49.795329670286,48.1148998060506,47.4919198448405
24.8156108597205,42.2726244343888,40.6346153846099,42.7262443438882,43.1809954751106
36.6368778279194,40.1363122172081,42.5229072397718,49.3184389139597,59.6368778279194
43.3344965105676,45.8280159522585,55.2273180459179,42.4546360918358,55.1331006978865
60.0504803640624,62.2491993932294,62.2491993932294,63.1514410921871,53.7508006067706
61.7365582336157,59.4390696106406,59.4390696106406,68.209674700847,56.5609303893594
60.3258928571429,59.3482142857143,61.5580357142857,58.7455357142857,55.3035714285714
33.351184110048,32.6926661573912,64.7365164248303,45.2487394958451,49.0779984721735
23.6711993888291,28.1074102368138,45.8860198624568,34.0403361344337,35.3222307104414
13.3481877599902,21.9352346999878,27.9676173499939,25.2388591800073,26.716577540022
16.8738212842978,46.3143242031563,20.4095195329826,36.2833408172804,22.1499775481588
52.3761000463187,46.4557665585898,39.2964335340475,44.256600277912,30.871699861044
50.8316350162186,50.05951829549,32.6037517369471,34.9898100973114,35.5050949513443
19.4101531022578,15.6228847702526,9.15793714741049,10.9846897662684,28.9057211925631
39.503001200504,41.496998799496,49.9903961583871,47.487394957883,68.5054021609073
31.607058823506,34.2927058823109,52.2475294117398,40.0235294116868,53.9331764705446
23.7611764705976,20.1701176470757,43.8785882353041,13.8705882353253,39.2875294117822
24.8934117651621,30.2317647062937,29.7242352945964,27.185411765035,33.8308235294342
60.4470588235143,46.1529411764748,40.7176470588158,33.7999999999945,42.9411764705866
35.0155780933972,53.1871805273582,27.7313590264156,24.6013793103777,40.2356997971699
28.3566341336711,60.2218412028656,30.4402532315219,27.0801899236414,36.472698496418
16.8102189782327,51.7359381709221,27.2078145127662,14.4748819236773,29.5341348218222
48.9161068326916,48.0128625266012,50,48.0128625266012,17.6001146977603
45.6378830083565,42.0027855153203,50,42.0027855153203,34.5376044568245
47.864057433965,56.0018527094461,61.592172301895,55.2290412226531,53.046549328309
58.5942870975522,68.6228516097913,55.7371096587475,63.6228516097913,60.6514161220303
48.3976706895459,65.6653726053033,65.0210144316164,62.799223563182,64.2217908684344
33.2011984133139,57.2228880073966,57.1413621402368,57.733732804438,61.4076293357989
84.405662680002,82.3985843299995,85.6014156700005,82.9021235050007,73.3985843299995
71.3529411766264,75.4058823529879,80.4735294118192,74.7441176471445,68.2705882353253
65.0662836563135,70.6144743611676,73.4217115417514,69.6144743611676,63.6144743611676
61.3167420814435,65.7330316742261,68.6334841628869,68.2171945701043,56.8325791855653
37.8629813369817,47.4833451452025,57.0694542876688,51.449090479448,52.5861091424662
63.5306355551994,63.8245084441595,62.6775719996795,59.1469364444801,62.4122542220798
58.08966304966,59.471730439728,57.780696744694,59.691033695034,60.235865219864
26.2893738140022,41.2775142314774,52.2656546489526,46.3282732447629,41.9103415559537
22.9243338360542,40.1691804926823,52.8775766716859,46.1691804926823,42.5832076419928
35.3302161890693,47.8809451986106,55.2246354952293,53.8809451986106,53.3126194067626
47.7360985419587,55.5927099044608,57.5716943187489,61.5927099044608,64.0420311714238
50.0113270691674,67.154717466859,72.8339554639736,73.3811301325639,72.5358475994229
61,67.9730538922156,61.0988023952096,70.0269461077844,69.9910179640719
61,66.2112539626703,67.5587354702091,71.7887460373297,69.4037513208901
59.6577930442173,64.5525976814058,67.0785744954635,67.183769858275,70.7896092743769
25.1092436974247,44.0336134453615,56,53.0168067226807,51.0420168067018
37.2696288815895,49.9476563157612,56.4869140789403,57.1911133552314,57.2172851973508
35.5859631406221,54.4374316250078,57.609357906252,62.2421105781338,60.0233947656299
30.8242496999105,45.5606242497762,48.6045618247986,46.7750300121307,44.8189675871531
36.9151291513208,29.00108530495,41.1664857825083,36.2491860212875,41.6648578250833
40.3081109095775,32.2041979787166,42.4102098989358,40.4102098989358,45.4876911117058
35.1236071520965,43.7253174397856,42.9862658719893,40.9862658719893,39.1510754081179
26.4261931186952,27.9198668145834,35.3882352940241,33.894561598136,51.4683684794408
15.530309211089,12.8939381577822,10.1060618422178,12.9469690788911,36.3560414456241
20.9712817165734,11.8057436566853,11.1942563433147,12.4028718283427,19.4890266786226
25,6.6568162810746,9.58712015615255,10.069696124922,16.1689434066203
11.2659145850932,10.0273972603466,10.6970185335731,11.4311039484799,13.5229653505067
21.6999030381605,19.7955720750021,32.5216548157917,32.1349385907853,13.5609243697354
9.30599547506143,9.55712669678988,21.7443438913578,52.0729638009881,20.5661764706175
25,23,37,30,29
