"energetic","enthusiastic","content","positive","accepted"
36,61,72,72,25
73.5872139224172,85.1187221869293,82.0584472345748,68.4118722186929,56.7634694850313
14.1957357859612,59.6227424748739,47.6085284280777,74.1612876253658,30.8671404682265
19.463168896333,31.5297658862238,37.0736622073339,39.6303372351501,30.2818701226297
60.8477398892039,59.7253502513671,71.5671424797447,58.9701295270406,55.8984932594693
75.4747596154058,46.5625000003679,61.7980769232467,78.7980769232467,64.7475961540584
52.1933982336999,54.2933822745934,48.7867326309737,60.0934141928065,58.4467230555098
18.1214357911963,28.5997712523776,14.1562134271176,17.6431003300151,28.8432147038263
27.38353630333,63.4273161706561,65.8820718357622,74.1943887773162,55.0793895482141
25.4861329816788,57.8779918904762,70.2310447996771,86.0351153452784,47.7486024723164
17.6326076687053,33.490729076506,52.0439335485808,76.1148728446804,24.601369970921
12,40.1778846152552,62.1490384614145,70.0288461538406,12.6298076922829
60.9199196326495,55.3536165327575,26.3094144661628,29.4599598163248,25.8052525832434
26.3697183098592,32.1260563380282,17.6681338028169,19.5042253521127,26.5042253521127
14.9940411700889,34.4011917659822,43.2634073673,28.6047670639289,35.6047670639289
52.7950527294349,37.7044820099108,52.8746510545092,57.0905707195241,52.2268920594646
37.8895726496379,63.7097435898781,64.2239316240946,69.2239316240946,89.1418803421656
30.7633418561377,47.3302415405788,57.6651207702894,52.7811309976546,62.7006990533232
42.7192604695968,46.1215473718011,53.2840807841398,28.4613899612365,34.3727353726882
47.0558853895072,53.3991997933228,68.743181036036,40.8296764758876,45.9720573052464
17.2348097381123,27.2888195581576,73.7719414893934,66.7651902618877,62.2483121931236
22.0679597994907,14.9374360679682,66.790724734069,61.9320402005093,62.7853288666101
35.1030328366439,60.4806932198043,67.7596533900978,40.5837260564482,56.5021663118885
63.0363902401312,66.8654606263157,64.5672696868422,74.9018508664468,76.4545644572365
51.0992487567764,55.2102423024254,63.0864458787447,71.407681726819,81.370331181883
31.0840892597939,40.9670264876301,61.4954644412365,60.0840892597939,80.0568759072127
25.4245283018868,42.5462264150943,69.6962264150943,28.6679245283019,41.7867924528302
69.0227954329881,21.4312453961894,77.8624907923788,66.5020388298311,18.6021124908003
25.3797221929256,19.7739135009972,74.5478270019943,50.4811638429727,29.0985478270179
79.0220811800052,54.734797811037,70.4475144420688,60.0165703862081,56.9723700213809
51.616032843822,51.8347018153182,59.8187121870515,58.0533707868145,54.3733794299255
71.5355374077684,75.4871311907082,88.3645811380045,83.8774499472962,64.2389620651937
63.7907270811029,70.5083245521376,78.9601685984821,79.4518440463445,27.7277133823421
87.5493086457252,80.4366258740425,80.9436586141586,84.6760568976402,78.788739669323
14.375500222162,33.9690417962612,40.4533403734309,51.6563472654204,19.7501111604804
56.3931747442036,58.4793519341188,58.544283570421,59.8264506447063,29.0873721653786
50.1599373479235,70.6489731987677,48.5534284721133,56.287330316796,31.6489731987677
38.8961461843881,40.2033021758119,72.6212840943381,42.7783481457952,25.8036699356786
56.5597720397713,49.8241410976883,81.6114952463336,59.9482767934377,16
38.9770014044944,20.8976474719101,72.5365168539326,51.4404845505618,16
51.9254257192442,46.6124486200227,54.0070463886546,56.5989430416025,17.9524368760847
11.9764383343954,28.6465750159311,71.6334233949335,42.1753417038392,9
16.4053622725923,20.7399457388894,43.8144749440758,27.5812320459268,14.5067028407404
22.7114559260902,17.0503879168515,36.6076675473024,30.2519395842573,16.9664080554324
16.6597739177508,11.0985663081725,69.7853598011437,28.7313206507029,19.2655086850607
10.3252084934422,8.27039668614446,27.5785553606022,39.1437232525645,40.0755239766266
28.1838856577703,28.433419291031,55.8067870074434,54.1219686161945,15.8798968507628
37.401112846715,70.1656091373584,66,74,26.5639398672859
21.841178721749,43.6823574434979,66,72.2395713739095,33.1029468043724
30.6813815537495,61.3627631074991,66,69.0249521622729,55.2034538843739
40.230498374833,72.4068255689409,66.6711809317271,67.6779523293177,74.6576381365458
22.4127278344539,16.7926706827469,53.033750386187,69.7926706827469,22.6190917516808
24.91875,17.45,65.55625,63,36.9125
15.3837206196509,21.937072649576,54.8994524572569,63,33.547195512818
24.4556082684213,29.7666892578948,67.3000677736845,50.5055066078945,33.9222297526316
34.9977810648771,48.7754766598726,92.8884779749772,92.1665433924932,73.7769559499545
19.1146510165784,27.4262209180482,63.8529658351564,66.2791867532046,45.5413959336865
25.7168832530118,27.976406937751,31.3919906726921,34.3683976104431,19.1324669879529
72.7262102126047,40.9794429705061,87.5128481434337,73.6041114058988,55.3149038463831
66.7601867907849,25.574223675933,87.4632920870527,72.2316460435263,46.1859631148518
41.1066361917743,21.4365542244797,78.3604192938554,67.6802096469277,24.6700819672945
11.6871684351187,28.3033405171729,75.8625663129763,77.1659068301491,64.957476790061
52.1341664170941,70.7382520203461,80.4765040406921,88.1543699491349,86.0603861119033
76.6325209444056,69.2650418888112,83.3418697638986,77.8207349581293,81.3764280274475
74.3477314764461,64.6954629528922,83.9130671308885,65.8255902513419,61.9557175497917
35.1887860082305,21.3734567901235,60.6826131687243,32.3173868312757,38.076646090535
31.5335292265598,32.7667646132799,78.2003358169597,75.9671004302397,61.2836341693598
16.1073040192861,25.0536520096431,51.7553783187762,41.8090303284193,37.5933597439037
6.88413661030813,19.721034152577,37.8498244494818,27.6180976700981,18.278965847423
28.1464549687975,26.2977347388103,36.4760813032605,30.2977347388103,20.6002942788361
75.5133687002357,73.7356763926046,73.5133687002357,70.2643236073954,46.5133687002357
67.7151458885588,82.0909151194013,65.7151458885588,61.9090848805987,38.7151458885588
83.3849268144924,76.3478667086435,50,67.9629398941511,34.7113048891307
38.1472651324148,23.7363256620742,50,67.4109394703407,32.1851355614232
52.5293479439682,45.3129271996655,59.3402951068367,74.2268634045578,24.4432841488605
56.1968149039894,61.5185439561095,62.9583619506231,74.1180889423937,33.9235491069832
48.3269230768794,65.5030364372079,71.8866396760582,79.9746963562224,62
47.0994718309915,39.8171722643364,68.8924702058488,72,69.4220612134452
39.7052816901408,64.843661971831,71.1676056338028,72,55.2024647887324
32.7584010192655,53.3222049689194,74.1207994903672,74.1207994903672,59.0133978340608
62.0935251799705,56.6380741561345,83.636967349224,77.909241837306,71.4548976203806
59.9078932677713,50.5444066092999,62.0742854749689,57.9078932677713,48.5137043652237
32.2935850645214,26.2935850645214,31.5045620439696,33.2476838856138,16.9632930938345
58.3532665967941,56.3925184408824,84.8302160170343,78.7909641729461,61.2943888306618
11.3228565431715,72.0097072094232,85.6142827158573,83.499422814446,78.2177038511833
8.56817347047111,39.5044469515591,71.8408673523556,57.0544653165227,30.2862183861973
25.6111111109476,58.9380341877009,76.8846153845022,67.7692307690044,55.9700854696201
34,62.0316538460414,87.7542692307154,83.1849230768839,34.3673461540858
25.9939413610558,46.580006491484,69.7824299470617,57.3775830359063,17.0045439792082
14.6342637671924,9.09307043173477,36.8393649248578,15.3467759386117,25.5243021746057
32.4124534739442,29.2996277915534,79.3736042183253,49.7354993795996,35.5641284119538
57.4810126582278,9.02637130801688,67.6803797468354,24.0527426160338,82.2347046413502
30.2177864329557,16.9781456237213,57.4566699123584,39.9562912474425,45.3157524612941
14.7855769230843,46.4028846154849,63.4990384615898,50,16.0480769230525
13.6703441295498,70.6703441295498,75.3406882590997,76.0769635627395,48.4176518218392
11.5448886639612,68.5448886639612,71.0897773279223,70.1256882590913,38.2154655870136
9.41943319837252,66.4194331983725,66.838866396745,64.1744129554431,28.0132793521881
9,56.3697865267206,66.4377369760582,51.837707110517,22.7169726795638
9,44.371942035062,66.9830935438608,37.9311146315492,18.6267984210439
9,32.3740975432854,67.5284501116688,24.0245221524445,14.5366241624837
28.8494068116493,39.1303099881357,72.3505549176218,32.393226176352,25.9550325293248
23.1726087584924,66.6767142034649,72.4273984442936,87.9643834629755,71.7863007778532
24.2805900422322,48.9409317803925,67.7352329450981,62.0833386663655,53.6286957634996
27.6402950211161,31.4704658901963,63.3676164725491,35.5416693331828,34.8143478817498
31,14,59,9,16
