"energetic","enthusiastic","content","positive","accepted"
39,9,50,51,32
13.139051332199,21.7905566385581,57.0231752220332,45.6394845137707,31.7673814165249
9.9287627597076,18.828494896117,50.1424744805848,40.3139795844678,42.1292984868889
30.4924297045718,22.2674837779781,48.8449891853187,41.2674837779781,24.3950973321314
43.9106382979231,51.5007838746842,55.8212765958461,60.1926091825708,52.8597984323603
28.0920876958872,36.9972243693494,42.0161970346569,41.5636286979259,57.8482186775394
31.4162679422985,30.7655502390036,27.4641148324137,31.0143540668453,50
22.6425921632855,40.9071412012441,40.9071412012441,43.9484117784689,50
18.4255116959082,22.5744883040918,27.6806286549899,37.4040935672654,50
23.6922156791031,26.2381302908028,36.4217887376016,43.2108943688008,50
53.9401817797976,41.5299091101012,51.2020714436509,44.4700908898988,51.4206298879511
36.7303532804202,47.880136986334,52.3033525595273,34.5767844268067,58.8127253064391
51.7524152848492,35.9876712328277,35.4035328045447,39.5841384282831,50.67577505404
52.0305727553718,33.896671826446,50,53.1586687305784,62.2256191950413
45.7492304226981,64.5709888129704,46.3564832194555,64.510548839992,84.3323072302642
32.0611532397515,56.7492304227151,34.6238456340727,40.3934604700384,66.081537653002
56.0067143165444,61.5692007797,42.2187567684222,54.7076023391,53.2410656270667
55.833780601295,52.4782846814677,37.867024481036,54.5447724409497,46.6112602004317
41.5698559614176,36.3125034229399,26.455884769134,44.0845610383729,41.8566186538059
55.0743494423792,61.6914498141264,32.2397769516729,60.1486988847584,58.0687732342007
58.0728914336014,50.4130514570748,50,36.3401600234734,55.8542171327971
59.9846950010941,61.2466050061998,50,45.2619100051057,52.0306099978118
50.4347555278007,56.0121457489128,50,50,50
61.8812548613901,32.1033186413972,50,56.4703137153475,60.5142597874397
64.9449511042758,47.8938578178133,57.8558400175766,54.5085155477438,57.3263377650836
61.6062795297296,67.4489341830121,66.4409954949809,50.6928908911196,51.1259476980694
22.1633426787273,32.5789792276973,19.7423219064246,15.9601121447277,50.1633426787273
22.993102459541,40.5999904422292,28.5930929017702,25.9172295144915,50.993102459541
23.8228622403474,48.6210016566914,37.4438638970388,35.8743468841687,51.8228622403474
24.6526220211538,56.6420128711536,46.2946348923074,45.8314642538459,52.6526220211538
26.2859066753961,58.1629904637198,46.1422799738116,48.3466914173478,52.4488971391159
28.4978343160898,55.0030938341575,39.5064970517307,45.5027844507417,51.5009281502472
30.7097619567642,51.8431972046226,32.8707141297075,42.6588774841603,50.5529591613868
32.3203950136177,50.8810862874487,31.2427650953239,42.2815800544708,50.7208887806398
33.0892987622601,52.9955715962152,36.6250913358206,45.3571950490403,52.4509222150852
33.8582025109025,55.1100569049818,42.0074175763174,48.4328100436099,54.1809556495306
34.6271062595516,57.2245422137668,47.3897438168609,51.5084250382062,55.910989083991
35.396010008194,59.3390275225334,52.7720700573577,54.5840400327758,57.6410225184364
37.0888888888889,59.5481481481482,54.4592592592593,53.7333333333333,57.1851851851852
26.9890672086452,27.8087462330838,32.5054663956774,40.797813441729,57.5846940921033
20.9048987315382,32.6760810147695,35.5475506342309,39.5809797463076,49.0668582241534
30.7978517722759,26.8085929108964,31.4042964554482,33.7978517722759,47.675295381173
33.4996998199039,58.2983790274809,34.1000600360192,32,48.5985591355385
35.764775668679,61.5882585562264,35.764775668679,42.5886540120742,55.1178098935844
55.4846850732148,60.7251941328817,38.2748058671183,50,58
33.5235898511818,46.3685258965568,39.3573076116136,42.1662822395682,44.7146152232273
35.291739766101,50.0266812865933,45.8485380117098,48.0266812865933,53.8485380117098
39.8405177677314,62.8067529612886,50,61.5797411161343,58.7729881548457
27.3091178651147,52.0018532246491,46.5391030393016,56.3091178651147,52.3863973313934
23.5025955298829,36,42.159444844984,38.9757390050692,39.3188896899681
36.9090187780821,36.2274530547947,44.2729436657537,31.8643216082199,43.3184342767126
47.2537163518767,61.6600040175381,56.9154278827078,58.2719967859695,55.4908597829536
40.541626794266,42.1842473316248,56.7436142804517,71.4872285609034,43.2275303643789
57.1569377990202,61.994810452678,46.5188075082952,51.0376150165905,57.2866396760941
27.0187969925858,32.930008845745,27.7757629368152,29.0421273773374,33.3972799647005
73.5659779820993,75.848966973149,73.5625094252534,73.2777861557808,76.5642437036764
44.7629316844594,32.6443975266891,26.4302518472972,31.3824460864864,38.5965917658783
44.5459770114943,46.5172413793103,46.8735632183908,50,40.7126436781609
41.0850036049107,36.7385724585459,36.5228550829082,42.0392934390943,36.5228550829082
36.703568853657,35.4867339581877,39.0265320836246,32.6505046864078,39.0265320836246
37.3042692567828,39.7824711993699,28.4782019425871,35.1303365709785,26.2608990287064
30.3196343130751,34.2975905673457,50.0991968557819,31.2094155844285,51.1322624743759
44.6602301207499,47.6491797675947,54.5497265891982,40.6049783549741,57.066302118931
58.9987163030035,60.9982884040047,58.9985023535041,49.9989837398778,62.9987697903784
36.7098844673575,31.2798459564767,32.9948652119171,32.3536585366581,41.6386392812176
36.2809769870057,37.5398465800382,32.2809769870057,32.7079693160076,38.2920306839924
37.6683890901355,46.7892606009034,33.6683890901355,34.5578521201807,36.4421478798193
50.1827485380349,60.869465329975,44.7741228070524,54.6174812030225,45.8524436090674
46.2669815564427,62.7330184435573,41.4673864147262,55.6005398110447,40.400809716567
54.3448753463595,59.6206964780514,52.4827859122054,62.3103482390257,56.5173130195392
64.2327435610311,61.4654871220622,56.138051511751,59.9743337065954,69.6035386338132
64.6216125419935,62.2432250839869,53.0270996640523,54.919036954085,67.2703247480392
65.0260927743073,63.0260927743073,50.0521855486146,50.1826494201513,64.6086083853901
65.9941458519148,63.9941458519148,51.9882917038297,56.9590209634038,50.0878122212776
49.0813198042423,52.3810497115951,61.9153222863122,64.1270165705317,69.680779618948
15.4935031753528,35.2702752025382,65.7177166216582,58.4234250675127,69.0470472297236
51.0487804878049,60.8455284552846,56.9268292682927,58.0813008130081,66.7317073170732
46.9503176043774,35.9503176043774,56.6445856019455,41.1031836055933,54.2229280097274
35.1333938294444,24.1333938294444,51.3926194797531,26.00378100429,27.9630973987652
29.2478429680639,28.5684318378242,34.1750970663676,26.8162748058881,28.5684318378242
16.3392051557619,11.6368063014867,28.7440028643122,32.2976011457249,50
27.5291084854943,25.3133548156042,34.9606158252746,34.7842463301099,50
23.2048619305785,25.8536700495868,40.5560538115701,29.0877979702479,50
54.6847108263027,28.3139883929786,63.5712427456116,48.4564738842018,50
45.3234295415622,29.934125636675,52.3234295415622,43.4611205432748,37.8563667232247
33.0406055461121,30.916751556311,40.0406055461121,36.5827391058228,25.0822297679566
32.933485288038,33.955656858692,37.674057190218,46.1263986738961,38.5410277662941
30.5306830907037,36.2454647256297,36.4079507278889,34.8772676371852,42.021612541963
33.7887750349741,47.2508150909327,33.3267349790155,32.4422449930052,41.0759198880829
44.2733376650817,34,38,53.2733376650817,53.210418020338
36.6317323922068,35.3158661961034,38,46.0703544575746,50
38.9056641604106,36.1792481203079,37.1792481203079,47.6745363408725,50
32.1223253486988,31.0394597899028,32.0710276218251,33.0039459789903,49.9526482521166
47.0796142945026,35.8643917079041,40.7559050742273,33.4864391707904,44.1627299505151
62.0369032401763,40.6893236258633,49.440782526554,33.9689323625863,38.372811648964
37.6623931623932,38.1688034188034,42.3119658119658,38,53.9615384615385
47.2662178702385,35.3525091799319,40.0287637698978,35.3525091799319,53.9112607099205
57.4092856347687,32.4544898186375,35.6817347279563,32.4544898186375,50.5302381217438
42.4923148577016,45.0349324637282,41.0349324637282,50.9264089425229,41.6860735909601
37.5193732506416,32.0961253498717,32.1922506997434,32.711623950385,50
35.1370945612217,32.5725810877557,33.1451621755113,31.282256736733,50
32.7994613399214,33.8021546403143,33.5989226798428,31.0026933003929,49.1978453596857
31.095615235073,40.6653466772446,29.9521923824635,39.8087695298541,42.3824609402919
32.3457412340736,36.2899056807425,29.3271293829632,37.3085175318529,47.3829649362942
28.626717395891,35.7493130416436,41.2451912915052,36,36.880152187673
17.5283649698307,35.405090595334,32.2563632441674,33.6105478861619,40.7181837791628
27.0672993959951,30.8283002588593,36.4477998274272,32.4477998274272,32.9775668680016
32.82199494365,30.81360606762,35.82199494365,44.53401516905,30.63560101127
20.0054597073076,19.588338065032,24.8342432845513,29.4171216422756,42.0746887967629
19.0100673625014,22.0176178843775,27.0075505218761,27.496224739062,39.4735731734337
23.889702517157,27.220594965686,25.5514874142149,24.220594965686,30.3345537757355
27.8983253589182,28.2542409743488,24.3728795128256,25.4915180513025,28.3898434102207
37.6819649123722,26.1862456140306,24.5931228070153,28.4068771929847,26.8481403508928
60.6521346283232,26.9181161058478,24.4665687825035,29.2073639033349,31.9849785408407
23,12,34,18,41
