"energetic","enthusiastic","content","positive","accepted"
50,54,50,68,73
43.3692307692518,27.1864615384927,45.7563076923212,33.7741538461387,40.4123076923541
30.3392572944719,7.90210079581837,37.417124668462,43.1557347479803,11.7463660478381
26.8336126482063,45.8403162051567,67.9218339918159,74.504189723094,64.1764426872193
57.3440358745678,19.5334887888399,52.2623856501729,43.9183497756051,54.2419730940742
42.4637077130764,1.10711772665549,50,31.0891474966052,50
18.0019161028318,0.0435615696883385,50,25.2395886332859,50
53.6000675105344,62.3430886075466,56.1715443037733,59.25731645566,55.6572489451255
26.2272463767713,9.73634782606277,33.8036405797166,24.325426086913,49.7545507246457
40.4657971013859,18.2794782608316,31.5254724637783,39.7030608694968,46.9068405797228
54.328000000053,13.9013333332097,18.4586666665254,50.4808888888948,25.2835555553142
0,0,27,51.8793691755623,47.671512544796
3.39055162659798,1.35622065063919,28.3562206506392,36.9041471004261,46.9041471004261
11.7282602545901,4.69130410183606,31.6913041018361,39.1275360678907,49.1275360678907
33.9821924685434,0.00562343098628482,33,58.9821924685434,50.9990627615023
26.5229090908802,11.8005454546394,47.0458181817604,38.1536363636002,51.2614545454401
33.0348963661117,18.3285168237513,42.4476554508325,37.4825518169442,51.1608506056481
39.3818788694661,32.6092274562988,32.9271816958008,34.3090605652669,50.1030201884223
37.3777489878388,43.2888097165567,38.4222186234798,40.4222186234798,45.955530364359
23.824296296297,23.2635555555546,36.6925185185197,39,50
22.2070781893037,25.6893827160445,33.8623868312814,39,50
20.5898600823104,28.1152098765344,31.0322551440432,39,50
16.826508474552,22.1241016948627,36.8758983051373,31.5951864406214,50
20.6696547231767,24.151800217216,46.5200955483433,30.1875092291375,50
36.0305928339011,42.9262801303235,54.6272573290033,42.1349055374786,50
43.1800766283525,56.1808429118774,60.0904214559387,54.3639846743295,53.5463601532567
12.5296448597655,18.6872523364991,56.6141308410888,60.650691588794,48.5914018692629
14.6044241610789,15.930383892614,37.1359785235702,51.6265449664737,45.1867275167632
13.0219382550412,16.9853744966392,12.3436993289794,42.1316295302474,49.9341852348763
25.6880379146309,43.4434881517672,48.4434881517672,52.2478483414763,58.2630521327963
4.65973614778766,2.47630606862989,47.0651187334757,48.8077044854745,50
19.6947440633306,16.4744168865492,30.4747651714972,42.0678733509208,50
30.141074889872,31.2946255506398,25.7303259911516,30.5580616740403,50
27.4243137255993,25.7091764707191,45.2872470587843,46.7103686275513,42.8486274511986
4.54011715482635,0.486627615057884,41.3209372386108,31.8662761505788,7.05610041833932
1.25154811714151,1.58281729428616,15.0123849371321,42.8281729428616,22.9508507671494
64.0079043827209,0.0603665338569428,48.6417529882188,49.9094501992146,49.3661513945021
18.442782608668,7.34775652170181,38.0885565217336,48.4621913043658,49.1835826086998
29.3647978580833,25.2106345381284,42.7497938420293,51.1154163319955,50
48.8298688085204,55.1973654617746,49.5888728246153,50.0632503346746,50
41.3203433476463,44.8745064376591,50,50,50
30.9644590163491,47.1262950819047,50,50,5.98688524603192
21.0080834574979,33.0702354694088,50,50,35.270342772065
46.9904649447251,7.26157933574761,51.4414169741733,50,51.4414169741733
16.3318938053287,30.6436814159067,38.5071858406946,38.5071858406946,46.3706902654825
6.54478494621626,42.4218279570127,45.5219892473257,55.5113978494453,50
16.5806666666301,30.8013333333756,38.6553333333583,63.9626666666359,50
40.1571807781673,28.6824897025215,34.9525308924354,46.2077986268757,50
9.67354482738451,3.57679999987284,4.19348965502333,48.3966068966087,50
1.94703448275497,2.05296551724503,13.3442758620927,40.2484137930861,50
7.74285714285714,4,29.7541125541126,31.234632034632,50
17.7870518518966,0.797274074083493,30.7904592592922,30.3986370370417,50
25.3488741721012,9.34887417210122,50,35.7311894039129,50
51.3743046356353,35.3743046356353,50,54.4694993376574,50
52.7587692306592,44.1150085469596,50,63.5287521367399,52.9424957265202
0.939054545460325,0,33.9210181818731,45.7742545454285,55.8961454545079
18.0283675675779,0,45.0017729729736,44.0053189189208,49.3339243243245
43.5192216215907,0,46.5949513513494,48.7848540540483,49.8649837837831
51.2085045044845,36.6467747746645,49.3021261261211,50,54.5318918918167
22.4033534822211,2.64062023646885,37,49.4542864652302,36.3321734559468
31.182233902795,16.5835479632627,37,37.5769776609244,43.5618396846547
36.5414857142312,25.926857142789,35.1561142856734,27.8195047619229,50
29.5394157303407,27.5435505618168,47.4688539326117,4.75937078647994,50
8.77752808986532,39.282157303365,50,38.4044044943785,50
36.3747191010566,46.4574269662747,50,42.8199550561691,50
28.2513360325624,10.5302024294651,32.2788663969027,49.0275303643403,50
11.9694852322298,32.1762700422236,22.3067679327919,31.6322025316677,50
21.212906077345,28.0967955800874,40.6064530386725,31.8193591160175,50
20.1273149171258,19.9548618784432,40.0636574585629,30.1909723756886,50
8.58689361700775,41.4131063829923,42.4864680851182,41.284425531916,38.926638297874
0.469392265173612,0.156464088391204,28.0782320441956,49.5306077348264,50
10.2397127071468,3.41323756904892,29.7066187845245,39.7602872928532,50
12.1762033896931,3.94454237283286,29.9722711864164,32.685152542389,50
20.89140363647,0,47.0265600001017,59.0804654546795,50
28.3717826086974,4.83317391306594,35.6282173913026,49.3717826086974,50
29.4396739130435,18.7157608695652,34.5603260869565,50.4396739130435,50
26.6039272727388,46.376436363567,38.2450909090765,30.623563636433,50
25.6561206031684,17.8280603015842,30.4479597989439,37.4140301507921,50
26.9917654195136,9.86854600607445,34.7171365015186,34.5657269969628,50
48.0515753286914,8.27912639028744,34.3197815975719,35.3604368048563,50
64.6829752066083,14.9256198347928,44.7788429753183,36.3170247933917,50
23.6473924050351,14.7060253164436,26.6866160337264,38.9215527426174,50
32.6269271136894,17.3558717201124,28.9151836734645,37.3220641399438,50
37.6279008264877,25.6201652891872,30.1266115702709,31.5038677686502,50
42.3249665430044,38.5672862455157,26,48.584594795695,50
8.39945280443192,15.2318467852409,27.93575923395,29.3994528044319,50
21.8393980848479,18.9950314637574,33.8493351573331,42.8393980848479,50
24.5034775510126,28.4942040816456,25.7586938775316,36.5104326530379,34.2621714285442
32.9406595288984,44.4908950749335,29.1004710920703,32,33.9703297644492
28.2686101695239,35.0838757062699,26.1790734463492,25.8152655367461,41.0933107344444
14.9471186441217,12.3263276837079,17.2980790960811,16.3792090395862,48.864180790929
30.3820884956371,21,24.2682831858639,41.9186548673649,48.7317168141361
9.86434042542539,3.31194326233638,31.5857021276832,24.8643404254254,49.7928510638416
9.07795670995809,11.1626320346437,29.3051082251048,29.4677402597485,50
15.0110909090801,21.2271515151467,30.34072727272,38.8975151515067,50
27.0074509803961,11.1192156863368,28.0819607843566,32.1266666667329,50
30.3753342736591,24.6912157969011,36.4560789845054,36,50
20.9525867418443,23.5826572637464,30.9132863187319,36,50
33.0963842795926,27.8846812227407,45.910497816716,46.5834759826049,50
27.5370818505225,26.088996441254,31.059330960836,21.7299074732395,50
31.8117519042437,28.1741022850925,33.2668117519042,19.6235038084875,50
42.5022850924745,41.0027421109695,43.1021022850766,41.0045701849491,50
31.445500000201,38.7810000001215,40.0755000001075,53.411000000028,50
9.26045100103565,25.2558061116865,30.5162571127221,44.2232918862422,44.7256143309168
12.9873804004351,27.3263224446861,36.3137028451212,34.6989167544437,36.0294457323182
14.8900210526199,25.352926315751,35.6086736841536,27,29.4757052631629
9.0986778947345,6.32422736841336,7.47929263156757,27,31.9577094736852
24.8835526315593,15.2124605263044,19.7068421052475,30.8120526315742,37.7180789473614
41.0424342104806,24.5846118420787,32.6339473683845,34.6901842105153,43.535276315773
57.2013157894018,33.956763157853,45.5610526315214,38.5683157894564,49.3524736841846
4,7.95802955666591,35,35.6888669950034,40.1012807883261
9.13605502064979,9.7901623108692,27.098376891308,32.975405777173,50
16.1632792297168,10.8712737276487,16.2872627235126,35.6781843191219,50
25.5189189189547,20.6905945946146,33,25.4490810810983,41.9301621621435
21.8755068493216,5.67226301366336,14.8963506848845,27.2738849314925,50
19.1838356164492,20.2072876711741,34.2763835615655,33.1955616438117,50
26.3032395439456,28.0531711025685,50,36.5904182509173,50
7.39937391281128,5.57481739123662,26.9246608694394,18.7997913042704,8.28688695629438
8.72506240929851,11.9732365747495,11.5304150943486,26,50
16.7102235123335,14.8250798258334,18.9452075471668,26,50
24.8141666666501,3.16222222226637,29.2212499999752,26,50
17,22.0581877550787,17.5727346938484,38.7672489796853,50
19.2719005181505,27.6918383419946,23.9758259067634,30.4320248704624,50
22.5297989637411,32.9859233160793,29.6771481865469,29.6175502590647,50
31.4490497737988,36.1401266968268,34.4299366515866,29.4299366515866,50
4,22,16,4,41
