"energetic","enthusiastic","content","positive","accepted"
13,8,21,13,28
20.8462306019423,16.9065320346372,27.1497483096304,19.5738688827084,29.9085425788508
28.6924612039469,25.8130640693452,33.2994966193098,26.147737765469,31.8170851577168
36.5386918058892,34.7195961039823,39.4492449289402,32.7216066481774,33.7256277365676
44.3849224078939,43.6261281386903,45.5989932386195,39.2954755309381,35.6341703154336
39.5536635707991,60.4463364292009,60.4463364292009,47.1339009287603,43.7901186789806
29.6896018383485,58.2048698572428,60.9984533121063,44.4128330902729,56.8287595563331
29.2701106250103,42.2642037503899,48.8332081252975,36.8619912501847,66.0575662497743
32.9683036587939,47.8732146351754,54.8890628057785,46.5504467489108,57.4495532510892
23.1306555862838,18.4022391504929,22.2827793166738,32.0979916897129,20.739150507844
47.2348414897396,25.5239304401503,40.9087411511624,50.1761311173047,22.9304401354309
39.0438056126594,28.4748369898068,40.0219028063297,40.0941316330457,21.8993479592273
22.6878517047414,29.1252344698276,39.720567141164,22.7186913825431,23.9383206443967
25.8300783405014,31.2200522270009,55.9554047592573,22.1949869432498,31.2701827945033
31.9179587973599,29.1596418430696,61.7250491371293,40.6474484966998,18.5410206013201
21.85857037416,11,36.1677170271841,31.057571112248,25.455572588424
16.4689907076032,11,50.1806241602316,29.440697212281,31.3841102216365
43.9947293125338,30.4971011218936,46.9973646562669,42.993148106294,49.0063248249594
46.4664384106645,33.9717334182558,46.4947049924086,48.1766860418439,37
36.6404437720625,31.3262733232476,39.3141704488149,37.9727685325265,37
28.5334575376328,27.9330849247344,32.7332712311836,29.2667287688164,37.2667287688164
26.2952040294889,27.7785969778833,32.4630994963139,30,44.0202934520806
24.1553404583937,29.275727633285,32.1378638166425,33.4485447334299,45.3961148081764
30.5713235969527,30.6572058418284,31.2285294387811,31.7998530357338,12.6280885459823
33.1871038853602,29.0877376687839,32.2748415541441,35.4619454395043,24.6606778726569
27.4199186178064,19.253752251315,42.9124141151763,32.752251350789,30.0845840837717
21.1410464487237,31.0380245768026,33.67988252575,29.8589535512763,25.4231393461711
24.6501029109156,29.1331961187792,34.041752425763,28.1749485445422,23.7832990296948
29.5636606135099,26,30.8726787729802,27.4272767689183,29.836428302693
24.1796992480755,29.920133667522,34.7803675856855,32.9001670844025,38.0199665831195
18.5781553747662,24.5781553747662,40.4218446252338,35.7109223126169,38.6777305781542
24.0008314625723,27.0004988775434,46.9990022449132,31.0008314625723,42.0019955101736
23.6158712844404,27.0088173802447,37.4105808562936,33.9061721661713,44.4282156167829
14.2966457594491,21.8314698663606,31.1977638396327,30.2820289064524,27.860703572354
22.9333680736586,11.0060100746784,33,29.2484974813304,15.9333680736586
16.2438803498841,24,32.0760492676948,25.8680070382421,7.65996480878944
28.771075919883,24,26.9177922682835,25.1311131811834,11.3444340940832
59.5994095491487,58.9548338934039,59.3659778073401,55.1882656352125,50.1325460655316
51.6024844720497,53.8474810213941,58.7550034506556,57.7149758454106,13.3250517598344
42.2929061785248,42.4691075515303,60.8237986269945,43.2334096110385,44.3569794049174
42.5070431553389,33.6398386477119,52.5593545908475,32.6398386477119,58.0663977461865
38.108506560526,38.1319475157922,46.4281660032873,11.8005675953977,23.1436679934253
36.0092879256948,54.9256965944413,33.3080495355927,30.1687306501702,49.3839009288145
59.2560103961715,74.8531513968552,62.1754385963082,65.7725795969919,67.9337231967184
80.7941660538484,86.9874986868181,75.8845817137423,79.6912490807726,88.497916447803
73.8135308330882,72.0289946423319,57.435760058876,69.2202962496324,86.0048324403887
63.8525016244114,66.649772579599,59.0968161143855,65.649772579599,82.4009096816041
46.6049070325799,59.39737966714,66.53420677762,64.55188184136,70.86317288952
26.855206927534,48.1880904183301,70.2706365272233,62.416779127301,55.9174538911068
27.3848774829187,23.4200376975635,32.845367551244,25.9051036682996,41.7153110048988
50.5810563397166,43.313564624969,43.592574567272,45.499571253171,52.9530695961205
42.6194331984744,42.9635627531088,64,46.9635627531088,67.9919028340242
40.7096821552124,42.8269837774658,64.5884655851644,45.6500526071371,70.4134918887329
52.2070762680664,53.2791602436968,65.2852773495798,54.7086055445372,75.6395801218484
63.7044703810119,63.7313367100108,65.9820891140007,63.7671584820093,80.8656683550054
24.6648486501195,35.1108081083532,63.8891918916468,60.7257067539377,69.5013635124104
32.4308699209455,36.4051449868243,62.5948550131757,45.8408326515211,63.6768475592908
53.8661087866109,56.7280334728033,65.2719665271967,42.9497907949791,76.0125523012552
37.3109112517738,62.3231688929078,51.5976087843966,51.1219732851061,69.7683110709218
54.9918932822524,62.8283398080644,38.4631649903268,45.0599223032277,64.7166019193564
31.724854841945,29.1174377223068,43.0402697134414,50.9228319911346,62.9194605731172
22.8182261208693,38.2447518368562,40.8671277552843,40,63.4895036737124
36.6963937621426,37.1772004798352,39.2658007197528,40,61.3544009596704
36.6026315789461,23.7815789473772,41.5894736842155,40,65.2052631578922
37.3675741076743,30.188118572279,41.5383666061862,38.6324258923257,60.1707924985118
40.8131881427765,35.7011010284424,35.3362613430023,35.1868118572235,50.5230732002258
67.8934758772246,63.9779605263223,73.9595942982576,64.0330592105165,89.9742872807094
52.8009685672199,60.855372807011,68.2348501461868,68.7169407894835,86.3312682748462
38.813299624611,59.6803033785008,63.9335018769449,71.8797977476661,82.813299624611
41.6264995137035,39.431319572059,63.9349400194519,37.5614395331553,72.9108397276739
54.4502683814097,50.7162361756406,63.4219892647436,49.8722576461534,80.0921502935895
54.2392925632145,51.0327438026787,63,51.3914340505716,77.3914340505716
56.6642105263869,42.1152631579638,62,56.3321052631934,67.5873684210777
37.2156447456636,27.9217762716819,62.3921776271682,44.2547566098227,60.6078223728318
36.2103851177243,32.9480744113785,62.8948074411378,40.7363479120351,60.1051925588622
45.1295079251652,45.229690175104,60,41.3194897001713,70.4300546749816
59.2843651626443,54.1420076949982,60,55.9986009094089,68.8572927597062
64.0985442329468,65.7700634564576,60.9671519223511,62.0656961552978,66.0656961552978
49.182995951408,33.1036437246983,59.0650472334674,41.7662618083669,66.2337381916331
27.6611605938642,37.7154655870291,57.0153486279871,41.2538371569968,66.7461628430032
35,26.5988629625837,59.6825014823158,41.8203411112249,65.8802274074832
35,35.9215928384053,39.1568143231894,39.1176107423921,63.6863713536211
35,34.4564490404879,42.0871019190241,41.3153264392681,57.8257961619518
35.048036758578,26.778752436682,34.730715678104,34.317321080474,47.778752436682
31.7236842105324,34.1578947368518,41.618421052662,28.8421052631482,36.8947368421296
35.3546001631911,39.9673602611058,59.7730008159555,23.0326397388942,51.4184006527644
29.7527642635738,31.4944714728524,31.8708536046393,37.458794043929,61.2939702196448
32.118042018613,26.8975525232663,36.5590210093065,35.2991841744221,41.118042018613
40.3421413616552,37.177676702069,40.6710706808276,38.725892234023,49.3421413616552
48.774304181412,57.0032977179178,55.2339401133825,57.3113705315237,68.0774304181412
44.2166837707591,41.2166837707591,61,43.5053511215894,62.5773347016607
61.6127156330793,58.6127156330793,61,61.5972242584025,63.9690172506463
31.3345205118184,35,58.9857538581791,38.4982192322724,58.327397440908
33.3972932330824,37.3837593984944,46.5485714285658,34.4108270676704,52.7810526315769
35.2002980424324,39.7997019575676,52.8987333196624,34.4005960848648,54.8994784257433
50.8173515981735,50.8173515981735,41.0913242009132,48.9543378995434,59.2572298325723
50.3597395550344,48.8877916440276,50.1518176885241,50.3118827997655,57.1039609332552
60.6610598661646,57.1288478929316,57.3627419063152,54.947476939774,58.6491589799247
60.5640848846935,61.3077453459194,70.9485941928547,45.6408488469353,58.7436604612259
54.9840161278647,38.6706026351566,65.2494780041668,54.3752609979166,59.7345381236979
42.4080385390364,44.4660626975239,45.576790336605,42.8160770780728,61.3098216853669
39.8670280852372,41.6594382952552,30.2605225509669,39.7340561704745,57.8032527671351
46.4728118638966,53.8874672869622,48.7129979644691,41.941843559169,53.1744693224931
59.6159690565324,62,60.9615969056532,59.3471473961052,50
37.8938160657132,40.9056142806339,41.2241660834944,49.1415785790491,41.1061839342868
34.7471916319775,38.10861478398,47.8670398880475,53.33707782403,44.2528083680225
31.6005671982668,35.3116152873483,54.5099136925478,57.5325770689775,47.3994328017332
29.8865210060043,33.9751731066047,60.0886521006004,58.6950453843888,50.8865210060043
34.9950489721171,39.5945538693289,60.5995048972117,45.4128726724954,55.9950489721171
39,40.9036525740161,53.0379637617557,38.538682772553,59.1153293068617
37.9882097717254,43.5630069798039,37.6722552348529,42.7411573287941,51.9596538388921
56.7908885116645,56.9934917940461,47.7451188455346,56.8431663837484,59.3464204867254
36.9487444100427,44.3539731682048,45.5744754041877,50.9642242861963,51.2514619882902
39.1785495715952,59.5476336189365,59.5476336189365,57.606946144357,65.9760301916983
37,61,61,38,50
