"energetic","enthusiastic","content","positive","accepted"
35,36,39,54,40
32.4488614857618,21.654959459723,54.6229256729088,41.7939020260389,59.9664222961774
58.1922656634244,55.0627124822517,56.5444997575605,52.7671806705238,56.2125424964503
59.2504838189551,68.5016127298503,64.2530641867156,68.0038705516407,60.7508063649252
41.8275203270115,60.3993868574234,50.8275203270115,49.2652360006545,39.7891915107918
32.8570233661248,45.7143435325202,40.7141816414636,26.1428417246613,32.5712319894312
54.525945144512,62.3402520385365,62.6701260192683,56.6805040770731,67.5363232023168
43.1925500370459,59.3180133432122,61.1590066716061,50.6360266864245,51.6695700518642
68.3541516358709,63.594905737319,67.1643401612329,63.405094262681,58.3541516358709
48.5562993876183,48.0383314979529,60.0239571862205,56.5155721710434,60.5035935779331
27.2899259966814,30.8550370016593,45.8018023394174,50,58.2366913344395
49.1865798565577,49.1009566835637,61.0153335105698,29.8990433164363,68.4862609620364
33.9894845914776,33.9894845914776,38.7119775876037,7.89522968876589,18.7852016732706
69.6906682384697,74.2723831978138,63.0544766395628,49.9981075879761,67.7276168021862
44.8727050650303,56.0526928507969,63.3854345585273,55.5654223442939,49.2835986105515
30.0891255391215,33.1381445856383,50.0802129852093,34.1292320317261,24.1515134165065
22.8514373914836,42.6700752459705,43.9241751880951,52.402662550641,41.6700752459705
37.5014328393757,59.8955348251301,55.3850883076431,60.573125622409,65.531339552461
35.2183098589381,34.9475743347296,50,43.9475743347296,33.5792905578827
27.5621874570243,51.1405468642561,50,61.9233380740421,49.7444602468072
53.6236638069325,57.6559159517331,50,58.3695003899637,37.8983346332125
66.5154742497044,63.0348905577605,58.6240879813378,64.6240879813378,45.8683218856615
59.4146176494111,66.1316941195289,74.1512294103534,76.4732235218845,71.1902999920023
62.835548071032,68.1777403551599,70.3554807103199,65.164451928968,59.9867115738081
67.3787118998844,62.1716158665125,61.1035480166859,61.1716158665125,57.8283841334875
64.0009157109925,57.6678876146566,61.6665140481679,56.6678876146566,62.3321123853434
61.5567976277837,65.3894143809854,70.500429948079,66.0563676797047,63.9444922164532
38.683748211203,55.9066336521862,60.4457708819665,50,61.316251788797
48.1646079686608,61.0117119831251,51.6942080289285,50,51.8353920313392
34.3120436906815,31.802615694205,31.6879563093185,32.2293187697728,32.2931876977285
32.8959958095962,41.7919916191924,35.0129204982131,39.4153765569158,64.1169246886168
48.7108985792948,57.5941632326687,45.6817147426383,55,60.1883264653374
60.3569420617988,64.0713884123598,54.7283866968549,47.9570545071915,50.9286115876402
46.3980350887682,61.2796070177536,41.8861922816667,41.815135439058,53.7203929822464
50.4250610408978,50,50.3542175340815,49.5040954522859,53.8583129863674
56.0152993108145,50,55.0127494256788,42.9821508040497,51.9949002297285
61.6055375807312,50,59.671281317276,36.4602061558136,50.1314874730896
44.5187842690682,61.3173891196471,50,35.4095665282117,49.6177379070024
55.3947208962352,47.0069461891642,50,43.9958322865015,41.6038898659319
46.1916705148468,33.6383341029694,41.9320018471264,42.6043350265326,40.0339990764368
37.3053884665705,32.5209586500721,40.0838346002885,38.8263471166426,41.3053884665705
36.4914920331411,33.1313809751442,42.5255239005766,38.6228730082853,40.4914920331411
35.6775955997058,33.7418033002206,44.9672132008825,38.4193988999265,39.6775955997058
34.8636991662765,34.3522256252927,47.4089025011706,38.2159247915691,38.8636991662765
34.0498027328471,34.9626479503647,49.8505918014588,38.0124506832118,38.0498027328471
42.5866745382202,42.9733406426331,53.680003373523,45.0533397992523,43.826672008078
51.7330184701246,51.4663742936871,57.5998650586248,52.5664080290309,50.033119676156
60.8793624019623,59.9594079446793,61.5197267436981,60.0794762587547,56.2395673441887
57.1403446057121,60.1900574342854,62,58.5701723028561,57
51.6021305498133,59.2670217583022,62,55.8010652749066,57
53.135074598545,57.4324627007275,59.3874378345458,49.7748756690916,53.3424129683642
51.7029593290015,54.3886097483756,55.1200447064381,46.342825209687,52.4170853774367
41.1721513917284,50,47.5384820773703,47.772912355716,57.5934183299259
64.8846628155393,50,40.4087427791363,41.0481599271938,35.2934055946756
50.3708039118841,40.185401955942,44.5474455310789,50,45.092700977971
48.8666412891926,39.4333206445963,48.3624857251709,50,54.9374762086181
53.2088960169205,46.4177920338411,53.4924544236888,53.5297856186126,54.0746623898477
56.5130394724386,53.0260789448773,58.1182552614141,57.1643434196825,52.0921763165368
59.8171829279808,59.6343658559615,62.7440560991731,60.7989012207789,50.1096902432115
49.241524302387,49.7794480872677,56.0069907965516,55.0828383663129,45.1586859360742
46.2095136858382,44.492851448284,50,46.8952431570809,46.4333244751084
51.0613957497233,50,50,44.4693021251384,55.3086627656423
44.033839105472,50,50,47.983080447264,55.747885055908
39.1518710804972,50,50,39.8224529659661,61.9369024365198
50.3447510582222,50,71.4943651146074,50,33.5975685009185
56.6343062216277,50,62.2696842082794,50,44.499464117488
62.923861385079,50,53.0450033018841,50,55.4013597341369
60.5361116208646,52.0831479102632,50,50,56.3216669725187
53.8726659632176,55.1927558838318,50,50,52.3235995779305
42.4528327521021,50,50,50,50
52.9772202346103,50,50,50,50
63.5016077170418,50,50,50,50
60.1968392745453,50,50,50,50
52.5872269361319,50,50,50,50
50,66.1932477217533,50,25.2568351285715,50
42.6087718781318,63.1838204962023,50,38.9131578171976,50
32.3375861865955,30.0877777123634,50,23.5063792798933,50
68.8490122148948,64.1757603141938,60.4777358844041,61.9306992397196,54.6039511404206
62.3515191870464,64.2042470651034,60.4987913089895,59.2636393902848,50
51.1384855898001,51.3092584282701,50.9677127513301,50.8538641923501,50
50,50,58.2791682527409,53.3116673010964,54.9675009516445
50,50,67.4939331937883,56.9975732775153,60.496359916273
50,50,53.5205423411492,51.4082169364597,42.224650809379
46.8654558932572,50,50,50,52.8733320978476
39.7992432204645,50,51.3494324153484,50,59.3506937145742
50,50,56.9649290762253,49.547762016939,50
50,50,53.4705328053681,48.771229512304,50
50,50,50,48.0313054799366,50
50.5398271984747,50,50.607305598284,57.4601728015253,69.190259202288
55.123979169147,50,55.7644765652904,52.876020830853,62.3140312462795
51.5978706886762,50,51.7976045247607,50,51.5978706886762
50,50,50,61.0536335031403,50
53.9178036971328,57.4438270245523,50,62.7726122360211,53.9178036971328
52.3716270223756,54.5060913425136,50,54.5770237865747,52.3716270223756
40.5046390229339,55.3411405495997,50,52.4392396336002,55.9346006106663
50,50,50,50,50
53.3969887487708,42.1607951951443,50,50,50
59.2919871682472,28.5569526886603,50,50,50
60.7928324983391,25.0934634653714,50,50,50
54.8434339257061,38.822844786832,50,50,50
53.6217303822438,50,51.9173866729526,51.9173866729526,54.6869452005508
53.732040645579,50,51.9757862241301,51.9757862241301,54.8296996589846
50,50,50,50,50
50,50,44.5373355837893,45.3177162146765,50
50,50,39.1439597249418,50,27.2245685517816
50,50,49.7659307724246,50,27.9832807694589
40.8742535211086,56.0838309859276,50,50,53.0419154929638
46.1770580378586,66.7256860126195,54.7256860126195,53.0072547353033,53.4223530840257
72.3952428261769,73,65.3138916486032,49.6047571738231,53.0813511775737
37.1841989435256,35.9188490315651,35.9802486794069,34.9188490315651,25.9188490315651
52.7518070298789,45.7512287803176,35.0002891247806,36.5004336871709,34.2510842179273
41.1308876514435,28.0436292171478,42.1163445790609,43.1018015066783,32.261775302887
31.7855803375316,33.6695926265744,39.7855803375316,36.0087778797231,38.1423213501265
37.967043051526,35.9876411443223,45.967043051526,42.9629234329668,62.8681722061042
37.3203358079608,37.8484701311451,41.7359328384078,39.3203358079608,55.7359328384078
49.9518580408869,41.8810177448891,49.9518580408869,43,49.4050887244457
45.2277541217108,38.2833278742409,50.6610983732289,40.2833278742409,55.8666885030362
20.2569008129596,39.8564377809932,57.8262141559391,48.8639936872567,50.1133385939528
39.8631152666648,28.9000238215696,44.5631867313738,38.4842330941186,58.7631390882345
42.9444745395938,20.3496749729173,31.7483748645864,31.6503250270827,62.3986998916691
46.5018471484302,36.3431770952999,40.2619949203046,40.7416993765557,53.7785961671931
57.6804144539631,55.5703128608166,52.3348476102802,51.0259812976461,45.282885014988
49.6518398930904,59.919222846961,64.919222846961,63.4846629182341,49.1922284696099
45.9948658430932,53.6046207412162,55.6071878196696,57.609754898123,45.9948658430932
50,50,50,50,50
60.7300112831329,59.8919052991968,60,56.6757158975904,61.8381059839361
44.9070889424883,59.1384328067852,60,54.4152984203555,46.7686561357031
60.9292780977029,61.7041825853861,64.5069709756436,54.9013941951287,64.7320664879603
53.057305370757,55.8809394831186,57.2336712583954,50.9400247640225,54.116390651661
43.3323063381016,45.1326144366711,45.1102552817514,41.9105633803209,44.1549735915909
44.6122242891114,43.7517937815414,63.3100717512617,62.9690672335985,45.2712197714482
51.7878648703513,49.430291896281,57.6278832414876,48.1975913452065,40
42.1262949598722,51.068327319425,53.5051798394889,58.0921313001597,41.5631474799361
40.1446677926266,46.9204542027636,44.4340033778797,60.4737762764979,40.3815559308755
41.8968543595624,62.1060711162078,49.6905630786873,58.1375275205834,40.9656181198541
37.5069902811836,57.6162621485205,59.8767475702959,60.1232524297041,42.9580583128982
35.2787188245675,59.9540498806921,62.5804127087889,60.488512470173,64
37.5441427635625,56.3293715783,68.923599737975,59.582342894575,64
42.2490610328648,55.6245305164324,70.8881103286379,59.3249061032865,62.8628286384973
51.3409624412987,60.1704812206494,64.9783744131558,60.2340962441299,59.6806631455455
49.636731278975,63.574396876317,62.5536187420977,60.1487937526341,59.5536187420977
62.7466626683107,50.7386530722563,55.7386530722563,59.245327735635,53.9893205385942
59,38,43,54,42
