"energetic","enthusiastic","content","positive","accepted"
7,0,0,0,10
7.45389204545116,61.347301136279,1,11.633532196955,3.81796401515039
5.82965909090232,20.7414772725579,1,4.59518939391004,3.27655303030077
3.20019305020839,6.47930501924979,0.640038610041679,2.07988416987496,9.11934362929147
0,14.1998297872949,0.633361702117514,4.42224113474501,17.2554326241574
1.91659673659674,3.83319347319347,4.6427972027972,6.54759906759907,9.4641958041958
5.64816783217561,11.2963356643512,7.84128671329338,7.61376223776446,14.2619300699401
30.2270074075593,9.13853333330154,7.91967407406701,4.75902222220103,10.0582074073686
24.1886419755441,1.77358024694301,2.48301234572022,0.709432098777206,1.77358024694301
7.15027104137741,2.03552068473042,0.407104136946085,5.69945791724518,1.22131241083825
3.34417498811222,4.75416072277698,0.950832144555397,13.3116500237756,2.85249643366619
8.08400516801102,11.1329457364803,7.37764857882677,31.4543410851512,8.04894056846929
15.8754022988323,19.9030906768696,67.0862835247702,10.0830651341118,18.0969093231304
11.494329501934,16.4955896126153,34.9584163475158,13.003780332044,21.5044103873847
7.11325670498998,13.0880885483255,2.8305491699265,15.9244955300067,24.9119114516745
11.5517509727626,6.13579766536965,7.55175097276265,9.24785992217899,46.5688715953307
4.52244821093738,5.04489642187476,4.91962335216348,4.36169491526434,67.2766101694713
11.5210263653776,19.0420527307552,3.84291902071114,9.20686440679987,57.5862711864003
11.2574693878654,19.8661224491742,1.98661224491742,8.94644897966969,34.1235918370396
4.06902106566057,4.88282527879268,6.51043370505691,5.06902106566057,41.2487980172094
6.4058795637743,17.8469416785206,0,0.256235182550972,50
33.5149359886767,12.9673115220382,0,1.34059743954707,50
20.3885462551915,3.41967694559811,0.658032305440189,7.9222907489617,17.0983847279906
10.6912315269996,7.24269293916637,8.13977011483291,13.6912315269996,68.6175369460007
14.0352000000212,11.1228800000138,13.3334400000201,16.1404800000244,35.088000000053
3.87111111111111,4.51622222222222,3.67755555555556,4.45177777777778,9.67777777777778
6.52927536234083,10.3947826087239,19.5878260870225,7.46202898553238,59.696231884259
15.178522167613,8.81694581285486,10.178522167613,0,19.8260098519192
16.0898535286539,13.4550732356731,16,12.2753661783653,11.7285042165705
9.9995206391605,16.5002396804197,16,27.5011984020987,18.8338925876461
26.846887966805,5.76307053941909,5.42406639004149,32.6439834024896,47.7618257261411
32.8796861139429,4.01183213921628,4.23471170250607,31.7712043671021,59.3254452405225
27.4179187990219,11.0341044012575,11.6471102013274,27.8699419993014,54.6439303991616
22.3859459457455,17.8345945946805,18.7381081082441,24.3583783781922,49.4762162164883
25.6331902719363,3.21522174536414,0,24.9369957082773,38.4553934190406
13.7148378191856,5.53419599723948,9.31742581090407,16.2490338164251,41.0038647342995
12.1365631469946,9.87445134576474,20.7599171842889,19.0110144927594,29.9559420289625
24.0825786165471,14.5095283019093,39.566698113365,26.0317610063643,44.6429245286393
14.5829917551351,9.17743227330198,12.9632037693536,9.5576442875205,70.8986101295417
9.43956656346503,14.1539318885104,14.1539318885104,20.7765118679231,56.2856346749546
10.6196078431373,30.6745098039216,30.6745098039216,12.1228758169935,40.9450980392157
11.7996491228095,47.1950877193327,47.1950877193327,3.46923976606383,25.6045614034768
27.869557522356,19.3175221239219,20.4927433631413,16.3175221239219,21.9525663717658
41.0464995358094,14.965106778136,34.0116063139454,28.9128040853538,44.3895543174491
26.1825812442278,3.28631383475044,7.46889507897828,45.3692850510335,68.2779944289196
15.807,14.883,14.1345,28.4035,50
46.2449651325929,32.2230962343296,68.9719944214056,47.5398047420437,70.0218688982634
36.0494597068964,30.5947344322235,50.0610256409034,44.2273626373364,61.9357783882282
20.9559825327719,27.7945851529356,20.9559825327719,37.6918777294034,49.5451528386431
19.2773169062221,17.1932922655552,32.3698151949984,27.5378644763322,28.8992060232211
21.6758050478677,23.286771105309,60.0822454308094,49.286771105309,48.8977371627502
19.1878590078277,17.813289817221,37.6907310704494,43.813289817221,40.4387206266142
17.9699015471503,10.4782559774093,17.6120393811399,31.4347679322279,27.3745710265284
30.7214067277558,22.6756574921652,27.3378287460826,17.4428134555117,31.9085015288187
2.32390670552198,5.39434402331319,8.91551020408974,23.9155102040897,34.1268221574634
10.6581632653061,10.3948979591837,5.02619047619048,20.0261904761905,20.2363945578231
17.9688888889018,15.2266666666764,15.6177777778327,23.1955555555782,24.1333333333818
24.7247014925551,23.8313432837007,30.2807462688109,31.4885820897361,50
25.498790436019,33.7457665260666,42.9943553680888,46.4931458041079,43.7449601500793
22.2823066104146,22.488073136451,27.9840975152681,28.2664041256826,30.3429442100608
49.164406779661,12.1728813559322,7.43220338983051,16.1440677966102,8.48983050847458
31.8201639344458,19.7338797814859,28.2770218579658,24.2770218579658,34.4532240437028
33.1852181986957,36.3699907149999,25.2595728876088,31.8517363045652,24.8521819869567
32.123509749308,48.5796378829574,15.1733426184265,35.5677158774218,14.2350974930805
18.8014878397847,21.4981402002691,22.4007439198924,16.3895851215068,29.4795422029598
16.9158263305322,13.0942577030812,22.8316526610644,23.178431372549,24.0403361344538
25.3616787265018,18.2712590448763,37.1103328509717,28.2712590448763,35.6781476121908
30.6612163741965,24,44.7827134501307,31.3014035086883,45.6822456139012
20.7521768707402,43.5565986392449,18.7434693877794,17.4956462585196,16.9738775511177
30.0928150134283,1.45359249328587,1.58573726540277,9.79286863270138,2.37860589810415
18.8523681858803,7.07381590705987,7.71689008042896,12.8584450402145,11.5753351206434
13.5644345238273,9.97422619046909,13.0257738095309,15,17.4871130952345
48.7991489363618,48.5519148938481,15.9293617021389,12.1059574467916,15.0706382978611
13.5060535279968,12.7194744525687,16.079211678853,10.2255279805654,11.5731581508562
9.61105596107868,9.38090510949601,11.071357664244,2.99196107057469,10.4603017031653
11.2747252747253,12.9120879120879,13.9120879120879,9.00549450549451,11.6373626373626
3.64444444447675,25.5022222224128,6.92444444450583,10.2044444445349,7.82222222223838
11.957677793918,44.0757813254588,14.7583647798442,21.8006869859262,10.6737203676803
15.2768650217568,11.9903047896839,7.56679245286018,11.2899274311033,10.1205224963739
14.0364341084347,15.9433178293982,13.9797519378329,46.2995968992766,18.372465116146
20.0411067193676,16.3209486166008,20.3620553359684,15.7612648221344,24.9217391304348
10.055246913568,8.04419753085439,7.37384773661652,6.70349794237866,11.3959465020437
4.17325102878206,3.33860082302565,3.06038408777351,2.78216735252137,4.72968449928633
8.27004149365722,9.64838174260009,0,0,2.75668049788574
20.4115481171648,30.1692608089571,26.9538633194041,32.4307949791061,32.6269456067178
15.6271966527197,15.2846118084612,18.448349604835,19.6725244072524,21.4634588563459
15.3280385078506,8.65925391099083,13.3312154031402,17.3216847172713,17.9920577617759
53.7230567688158,45.4361572054623,23.7164192140363,40.573799126707,30.5721397380121
14.8421523809547,67.0017904762768,18.6843047619093,50,46.6852000000477
14.2976476190488,46.3106095238527,17.5952952380975,50,35.2506000000238
18.32,44.2571428571429,37.3657142857143,50,41.96
27.9015062762604,36.6069735007639,30.5801115761076,33.2587168759548,30.5801115761076
50,50,50,50,50
50,50,50,50,50
50,50,50,50,50
50,50,37.2658008658009,35.1434343434343,50
50,50,35.2057383966513,32.7400281294265,50
50,50,48.0716736990691,47.7502859822473,50
25.7299157640994,21.1897472922983,43.3702045729014,45.7101323707009,43.3702045729014
50,50,50,50,50
50,50,50,50,50
50,50,50,50,50
50,50,50,50,50
50,63.512397820196,50,50,50
50,55.723160762959,50,50,50
36.6731818181818,43.5663636363636,65.165,50,50
50,50,50,50,50
50,50,50,50,50
50,50,50,50,50
50,50,50,50,50
50,50,50,50,50
50,50,50,50,50
50,50,50,50,50
31.5446904760599,24.323047618866,24.323047618866,41.1735476189852,50
16.2758620691368,16.2758620691368,16.2758620691368,16.2758620691368,16.2758620691368
21.8309523809524,21.8309523809524,21.8309523809524,21.8309523809524,21.8309523809524
49.0561904762472,49.0561904762472,49.0561904762472,49.0561904762472,49.0561904762472
50,50,50,50,50
50,50,50,50,50
50,50,50,50,50
50,50,50,50,50
50,50,50,50,50
50,50,50,50,50
50,50,50,50,50
50,50,50,50,50
50,50,50,50,50
50,50,50,50,50
50,50,50,50,50
50,50,50,50,50
50,50,50,50,50
50,50,50,50,50
50,50,50,50,50
50,50,50,50,50
50,50,50,50,50
50,50,50,50,50
50,50,50,50,50
50,50,50,50,50
49.0536643677854,48.377710344775,50,48.5804965516781,50
41.6934620689962,35.7602206897078,50,37.5401931034943,50
41.4187742899352,35.2893273541746,50,37.1281614349027,50
66.3210691823899,50,16.3977987421384,50,24.0783018867925
50,54.2628800000191,50,50,50
50,63.4105600000381,50,50,50
50,51.4044660195564,50,50,50
50,50,50,50,50
50,50,50,50,50
50,50,50,50,50
50,50,50,50,50
50,50,50,50,50
50,50,50,41.6903389830711,50
50,50,50,32,50
