"energetic","enthusiastic","content","positive","accepted"
6,6,5,6,50
50,50,44.443108720889,46.0638686772964,44.6746458575187
36.6385525257763,39.84529991959,36.6385525257763,37.1730104247453,37.1730104247453
5.23599290549341,15.979354608175,5.23599290549341,7.02655318927367,7.02655318927367
52.0720013593744,47.9744478423507,44.8594631329289,34.9233435270521,42.9105674482275
45.3953494045963,27.0205202029741,39.1559511028389,36.4787966035148,35.3953494045963
24.9786746046645,13.8097306265476,26.5456519617045,20.8660452859199,14.9786746046645
32.3703676948397,80.9397890628323,31.2916636566947,47.4027667412138,47.5601748175039
25.259047894215,12.4933359818196,23.2914288809919,18.068572563637,20.0038105900832
20.8046351757588,26.1821214649303,23.5993378320345,11.6059595116899,21.9966891601723
25.3040033360322,43.9720031843944,32.6320039425835,15.3040033360322,36.6160057622375
54.9425492115391,64.2260621714746,50,54.9042486858985,70.7164870400645
38.1159310522685,41.1203899388942,41.0401299796314,43.1203899388942,63.0579655261342
24.4567527201009,20.4013868144963,35.1141881800252,25.5155749945215,55.3633240878212
76.7789990008861,47.484512671484,46.7695521846069,66.1543282769104,75.0141702244187
42.7995639931487,30.9418929966645,31.5682259969349,43.3523389954024,46.8470069943206
8.82012898541126,14.399273321845,16.3668998092629,20.5503497138944,18.6798437642225
50.1579009807144,14.6603131920784,49.5837155962984,50.1722556153248,50.4162844037016
54.1044976504838,15.9885880510183,21.2414410382638,49.1387334974288,58.86305661222
21.0628776012397,13.3970884393129,19.2978163294847,23.871612283301,27.7650612717551
50,32.0293111491843,33.4863940289802,42.2868138704091,65.4291712020413
68.0019792975617,77.6575547649747,69.7064755128354,59.4109717281092,67.7710434107959
27.847901676979,40.7947949821446,38.1098242704097,36.3717468638404,56.5805627624368
50,50,39.6926605505248,36.9287226534425,45.2427664079345
40.5215476824788,39.3726443712641,42.2449026493008,24.9788384107486,50
25.5899137724497,22.6311154418375,30.0281112683679,18.6442058428575,50
23.5568885752958,43.325609660743,24.6392221438239,43.686387516919,37.7058339213204
25.8765691609573,25.456063493195,23.2468616780854,26.3326326541523,48.1485374143598
32.466647422754,29.0055347079835,30.2749783505982,30.2749783505982,50
39.8795416608881,37.0361701326288,38.6144843684991,38.6144843684991,50
47.2924358990222,45.066805557274,46.9539903864,46.9539903864,50
50,48.8368847518884,50,50,50
52.0945604276156,55.4458571118007,53.7702087697082,52.0945604276156,56.0742252400854
58.0929989186228,58.8369902676049,88.9770118951495,65.7210032441317,79
54.2609408549721,54.2609408549721,80.1849697443019,58.5218817099443,72.4566464962012
50.4178020691026,50.4178020691026,70.0967304313944,50.8356041382052,65.7311536209296
25.4395135481228,18.5121968565677,47.4809757485254,39.9965863025466,57.7751226797584
65.4102537928437,64.527580354962,50,61.1748223194658,69.794094754437
23.9588750940702,14.2834849625094,50,15.9551364662584,69.1660435620314
82,62.5283768217629,75.4627665911918,63.5283768217629,75.5372334088082
65.875638516843,64.0079163383909,67.7433606952952,68.6772217845212,58.5873338585745
55.2431319728342,54.6262929172067,55.8599710284618,56.1683905562756,73.5979313324693
38.4350362143266,50,50,50,75.699391598233
31.2235266677404,34.3294199967788,50,10.8235499919471,52.5882444408654
46.7273001850551,39.7968059803233,50,33.5882885945187,63.4278325216679
62.5229169026978,48.1591913014282,50,64.2503681052369,77.8297183524598
68.8637638446951,63.4741170319251,74.2534106574652,64.8792128156504,65.4895660028804
59.036877881863,56.4549127727593,61.6188429909667,32.1229262728765,35.5409611637728
54.3071062041541,50,52.7688539883848,13.8445420614239,18.9215907319623
78.9948826704193,77.1242450787793,78.9004195289396,74.3182886913194,79.1489096864983
33.7560832451381,32.2793635401507,40.1108445726946,32.6485434663976,14.5376988937029
6.12183077928918,2.1329063046791,1.17167064354383,3.13013742333162,23.9584667797878
88.9804650426939,74.3398449857687,71.2089924074966,53.3203100284626,26.757829800762
54.8239393425191,72.0697795816031,56.5780991034352,43.4219008965648,56.1395591632062
68.9555378652399,81.0626150051527,75.8484607253271,24.1515392746729,74.1252300103053
79.6671871950018,80.7770837399977,82.3328128049982,85.4411477649888,84.7755221549924
78.9370335095641,82.687655496812,71.1938753692907,89.7531099362394,78.8815308661027
80.3721038718724,82.2092987093759,51.581247084411,80.1859741875176,58.7905457937869
50.444089336791,50,50.3151601744968,50,51.5129342757776
79.1298127538601,50,70.6727703414491,50,20.0511731086696
32.4794896128534,24.526732046748,31.3640725507647,19.6746810080334,19.819519139518
3.43898183128413,6.60629609640907,8.48425975897733,3.1358337830796,31.1043533010343
7.49463535996817,5.13707044007162,19.4219406002785,7.98927071993634,43.935624319618
5.58120821022381,9.44228152699642,36.1644281605416,4.16241642044762,20.9744985226857
4.3136146788915,10.1774678899765,40.2779449543635,2.254458715566,7.3314495411555
31.0843922729078,52.6908655760945,36.9692480102253,31.0843922729078,36.9692480102253
40.0012126964628,74.4302172309137,50,33.2163213119196,55.7135927448784
22.4530809794198,49.6925521925366,50,3.24272195326062,65.2880156037689
87.6969904825324,10.2666552346072,11.3605847554043,16.1151504758734,26.7121238103165
13.7445368711061,18.445368711061,9.32102067562072,8.97814748442439,35.9932329419866
13.0862733035556,11.8627330355556,17.8784470537777,6.34509321422225,5.0548452671114
14.0303754529365,10.3633104617856,50,18.2418086500395,43.5735486854358
72.9625941672299,74.7289475647092,76.4953009621884,85.3644737823546,83.2476504810942
61.0308980383363,61.8794286566698,62.7279592750034,78.9397143283349,76.3639796375017
47.0969913064132,50,50,68.0127799366586,68.5112775930324
13.6451346067566,50.8691156565057,48.3373439614673,6.41566400963318,51.1714167544208
56.8279440518068,65.0577530455937,21.1938637388643,13.2015340652839,70.2952323658002
82.7749836173086,77.4374590432715,78.7743283096523,77.3494429884922,53.4877539317168
85.8674270601244,80.0395073973739,60.0535581451279,76.3046532771251,58.4161500953697
84.2981398640147,80.2981398640147,62.163254732523,73.8846513508656,75.9423256754328
47.0487961214529,47.8306558226567,45.7433997031383,39.0051680616937,46.3088417927771
20.5273044998684,32.3471940905501,19.2379760910766,50,50
20.053266534626,33.0673371781509,12.3025125247576,33.0673371781509,33.9356788613227
11.1060976495319,10.7878047009362,14.2121952990638,11,13.8487811962554
12.2975720752303,8.40485584953949,16.5951441504605,11,23.380576601842
9.51297813303161,8.60939470783156,15.3176754869474,10.4635350973895,35.7058112826315
1.01747235095392,12.5303973764828,8.78267103919532,9.15653420783906,52.0433224020117
39.2237003056043,12.9571865442726,5.64785932721363,4.11284403671821,27.9727828747365
4.28248156276654,43.5029240563696,16.5083904739475,43.6441648377529,15.0226290606342
5.62443938546986,12.6378941341932,42.6765680166623,13.4501138269281,5.62892430171097
50.2009441524648,57.6725750422786,60.1030729491348,32.7834506101207,60.4612273982042
46.6169317996898,69.3212886591454,67.961387786772,46.8328723231138,74.1285154636582
17.6623152308434,29.2776700001025,24.8374907693412,19.7264227693002,58.111068000041
5.37632284188999,28.4858473034979,25.3374347137659,26.9116410086319,50
26.1295196978485,50,30.3596869939975,31.1150836480745,50
17.823391117503,26.750361432705,38.7436732377969,39.176608882497,50
10.054370243959,17.5522366830853,32.8955266338294,50,50
15.772947152945,24.4511335203634,25.1924937447996,50,50
20.6245128516356,26.3171203275522,29.2976647206148,50,50
23.5820183485667,27.1137614678542,32.2023853210688,50,50
9.13181651382446,18.0823853211403,24.0741467890263,50,50
21.3966030249724,27.1963417192011,66.8686700109137,27.2639665070294,50
39.7034465657698,46.9114039939059,56.0723263842896,41.8155600907401,50
34.1596794798404,51.3303913599328,71.6762280802184,75.0110324002519,85.8491464403611
42.1294157967485,42.5436570706039,65.637469682714,48.4724507013272,80.9222951598208
17.4747970052149,19.1866497944141,14.381814826631,18.6273858484181,55.6188706106153
50,39.4216194655584,38.2010370961998,23.9018747505934,14.9313921021379
47.6924813128415,47.6924813128415,50,50,50
21.5524635218332,21.5524635218332,50,50,50
50,50,50,50,50
