"energetic","enthusiastic","content","positive","accepted"
19,23,33,44,16
24.0688675750128,25.252830033339,30.747169966661,43.1551887374979,27.8273576750298
29.1377351500256,27.505660066678,28.494339933322,42.3103774749957,39.6547153500596
34.2066027250884,29.7584901000393,26.2415098999607,41.4655662124853,51.4820730252062
23.987288135509,37.1236291127016,36.4818045863156,39.4690927218246,61.0618145563508
19.0084033613432,28.0924369747752,38.0168067226864,44.4537815126124,62.4957983193284
17.1720403642668,16.1720403642668,33.309131183867,46.2741816392005,59.0671917302672
10.4666829387512,7.70002440812677,59.2164998778004,19.6333902856291,29.8667317550047
51.2145617371804,35.4572164632481,37.3286511685188,24.2856529472933,27.2571305894587
32.3318407654265,30.4218242041137,31.8736428877899,28.4818131632386,28.0963626326477
13.4491197938591,25.3864319450291,26.4186346071148,32.6779733791424,28.9355946758285
29.5238336714006,29.9528397566114,41.4761663285994,34.2378296145934,48.6196754564156
35.6687607081577,46.2884066247742,37.760708166767,41.1473443746236,65.4540262706953
43.4825813820447,56.3347474912003,33.2956677816887,57.8912458186672,71.593456800178
36.221935786289,55.1879540658725,59.3707522849479,48.9660182795835,67.592688071237
48.5586976587687,48.1035495510115,57.5725434252947,56.6484014432543,65.2691113534566
37.6516740790277,33.7522027355628,39.2028195015204,38.8527313920979,44.6031719392104
23.15,46.1346153846154,52.1538461538462,23.1692307692308,55.55
26.4451273046323,9.6494000584925,36.6707638277936,24.0365817969118,23.9268364061764
25.7405572755713,12.4118421052945,59.3979876161249,23.9584365324911,42.1624613002413
17.2687306501154,3.41052631574765,51.985139318851,28.7238390093101,61.7535603716081
11.7420814480537,16.3966063347382,30.406334841557,17.1581447964295,53.1898190042147
19.0199332845217,57.8348384996777,66.809209991007,36.940200146435,65.9971523879255
22.9160361239909,25.5528435440754,29.5179399560871,25.2518916280273,65.4405662680013
29.5217781768804,0,20.1701841039512,23.0435563537607,68.2016165244367
33.0110137671951,25.1872340423165,59.8568210264639,33.1652065079263,49.939424280427
26.5405359850857,44.739760660573,31.583010281453,53.5737400976669,36.8247092533077
6.36229563453933,10.7250126410806,25.8177987527255,31.0894151356295,31.636018877453
0.00687547746674839,0,27.082505729601,37.0297937356892,33.9747899159553
48.4652149320031,45.4652149320031,36.5475113122891,38.4270361991265,68.4652149320031
39.4874843555034,36.4874843555034,29.5384856070134,31.1282853567114,76.0513141426846
18.6534372786761,16.1247342311394,27.326718639338,26.8079376327944,72.3841247344113
1.50598646539502,0.988027069209951,29.2948984904627,18.4221759498647,49.2470067673025
30.6562731385898,14.7432332373666,16.5709584532918,28.6570958453292,31.7998354586521
9.83216783216783,23.7482517482517,5.31468531468532,27.5314685314685,27.8601398601399
0,39.7571087475193,5.48665074884232,23.0809637508269,32.2704579986769
6.48284313720961,23.9509803921978,11.9754901960989,23.9509803921978,55.1911764706671
19.4773897059427,12.2139705881808,6.10698529409038,12.2139705881808,32.5555147057772
32.4719362745475,0.476960784279637,0.238480392139818,0.476960784279637,9.91985294111073
30.6555132174299,0,4.68897356514023,14.8484162896107,9.78149559419004
14.8422847399869,28.4364876385424,5.66922421142483,16.5711849957321,25.5942028985555
8.03822108555147,13.3703466894354,3.72520602444328,25.8052713838944,17.3321256038839
14.7389705877751,23.354779410921,6.71813725473152,36.8308823528389,16.3694852938876
25.2791519432663,42.9796300141915,2.12180419858409,70.395967574465,20.7360216170233
4.92032322533785,11.4601616126689,58.2709184116944,33.2430271961019,31.9183247892801
20.3748370840302,19.1874185420151,65.4037709618601,30.86540967938,25.3798766182949
22.1073585327738,26.8658018340327,30.0467456945448,27.0805188995804,26.8926414672262
14.3038837155627,25,20.9014308425757,25.0985691574243,59.9096070858656
27.9210903873289,20.8064815596494,17.4086420795326,19.2724280530217,54.8961937717363
35.6111247845773,16.7575682993214,10.1161703174583,16.6413979818631,33.6313069161012
32.0286993690428,28.0286993690428,15.3875432526364,32.0191329126952,38.6698554854492
20.8672566371681,46.0353982300885,66.9970501474926,58.7522123893805,73.7522123893805
13.7449245184924,21.1072358147233,35.540083290008,32.0434669443464,47.0434669443464
3.91797515823547,16.3627841574262,26.6025310522057,18.7602531052206,36.8012655261028
8.7918932278951,18.1270390510559,46.5027187347412,36.7716262976328,56.7716262976328
11.0844740411937,25.204340855822,49.8841410777645,37.204340855822,55.3065112837331
12.77173510914,19.2989271180102,32.5897151313155,31.2989271180102,46.4483906770152
16.5707378841893,16.7138252561262,17.6434902728265,29.3565097271735,38.071946586858
25.9787234042779,22.9712140175524,9.01627033790516,37.9687108886439,30.9924906132745
16.275177305004,9.84288694206423,16.4366291197028,23.6987901544176,27.5677096370602
15.6001741078053,7.02599179217982,17.3160054718801,15.1290884218727,23.5096381046891
44.997098391081,32.4597731469102,0.675283566362298,23.4051701398174,16.7844895805479
70.8113675850018,23.1060643666684,8.2416645983324,30.1257549433321,9
58.9257880367475,11.7864647969024,14.4674443617037,38.0494746421683,9
20.4136288317856,24,21.5766362883675,25.0097348798469,13.6253106876018
12.9481654049146,23.129877693661,15.4804892253561,11.5975538732195,33.5713453697293
19.6535859269605,27.0722757303344,33.3071718539211,12.5632412640426,36.0180689325836
27.6755062680753,31.1622468659624,44.321359691317,25.57256509178,36.3510125361505
27.2222222222222,25.8888888888889,35.3703703703704,69.7037037037037,48.4814814814815
28.6735755643219,15.3678778216094,58.9611479399548,57.2668456826673,64.4715112864376
27.525467819086,9.62733909542992,37.7211546530907,40.6192833767468,41.5093563817197
31.1647956893038,16.995509654329,30.4988774135823,23.004490345671,60.9865289629871
27.7592339261558,21.7592339261558,24.5184678523115,28.3110807113869,67.4815321476885
27.8537249401832,24,30.7170200478535,28.8537249401832,47.9760745812822
25.0317630558551,24,32.9745895553159,26.0317630558551,28.2223413909858
6.08284687917044,10.7283340818099,69.364167040905,25.6820835204525,30.3410417602262
28.8569068077128,16.499834765399,67.2492564442955,25.7500826173005,36.3570720423139
17.5532055518377,8.5872438862864,31.6425974882888,29.7063780568568,32.9659616655513
3.28093727113136,1.19306809859322,25.0346595070339,44.6311935563305,31
32.768627450996,8.07607843139437,24.3074509803984,33.3079738562019,51.0015686274105
39.6036469062376,13.8109407187127,18.4145876249502,21.8109407187127,42.40512703133
35.9501029984084,2.85030899522524,3.80041199363366,10.8503089952252,65.8921950102316
21.0396039602387,25.3814793245234,11.0396039602387,17.6185206754766,42.9213744900014
7.42851307176882,12.2747140522632,25.7802287581894,33.5604575163788,24.637254901727
8.66980825479847,9.33019174520153,27.6018849528791,32.9320766980806,27.3396165095969
9.21100917431193,7,22.7385321100917,25.1422018348624,30.8073394495413
27.3850057668779,18.1903114185614,25.7743944635111,33.3672433679712,35.9513264129209
65.1596883295578,51.2291292063534,67.204812055939,20.3020806575967,33.1388817535911
42.9011045465187,26.627536604047,34.9884407910139,18.5448240431462,28.4528641150566
21.3010380622219,28.7993079585188,47.8650519032104,43.0426758939924,50.4094579009059
17.1687644490335,34.0295402003515,63.2869252504393,38.7510917029874,69.2573850500879
10.3519497686781,19.4927296761493,34.0206543291664,21.7991573033764,49.2214970257901
10.1647058820725,6.27058823525906,11.7647058821387,20.7647058821387,28.423529411753
40.2465397926522,3.89662629766207,37.3499134949901,34.8032006923182,24.504974048497
1.76164043084556,13.7616404308456,54.0316487156953,32.316570008232,27.9180613090007
7.99618889810893,19.9961888981089,22.2921292459909,19.2806959403177,20.5499585749622
34.6224724264971,4.26493566174371,50.9866727941669,26.0330882353087,52.840992647099
14.0220588235723,12.2867647059096,11.8382352941566,15.0404411764608,21.448529411753
0.618809749377303,2.47523899750921,0,15.3316682456411,24.2376194987546
0.029627077773817,0.118508311095268,0,11.2073895444167,23.0592541555476
0,0,21.9221684850653,27.80699583855,56.6139916771001
2.35294117651124,1.58823529414509,20.7058823529879,26.529411764715,64.8823529411744
25.6811594202899,17.3347826086957,47.5333333333333,31.7782608695652,63.7159420289855
23.7629499561751,22.9407374890438,55.8814749780876,48.9174714661356,60.1005267778884
51.141176471,0,61.1176470589131,60.0117647060435,66.9647058823768
0,0,40.1320863072454,38.0900812207572,51.5855279349217
0,0,22.733530232126,34.722618754605,29.6970219049327
0,7.88504341446684,23.599608658439,52.398434633756,63.7681301211286
0,17.5657169117592,30.638097426466,65.7104779411728,72.8685661764816
0,8.37620842211094,17.0989677208269,47.8217270195429,40.9900049156908
2.21734148199424,0,5.59129106186513,27.269671505079,24.9388846445049
14.4858730892966,1.23390458568813,9.58267716546384,0.274201019041807,86.2176933762283
5.52453048733328,35.1160751220267,22.6852817076,11.7566807313866,45.7231736577066
19.6740299495408,32.8521552080735,14.1955820302755,21.3783403656877,70.6262927111918
44.0033123928829,40.770759565946,35.8504854368469,44.4905768132133,81.461793260991
21.6335491137832,16.9012102451431,59.3520968196114,66.3239515901943,71.7464114833487
0,0,65.1060713441603,66.11174108198,69.5530356720801
0,0,73.7253327033925,65.0343334120759,73.8626663516962
1.81230168416787,0,65.6041005613893,46.3107151575108,66.3753966316643
14.0563186813187,9.71153846153846,54.3447802197802,59.489010989011,74.510989010989
27.8754040077329,17.4502262443304,60.4251777634025,61.7000646412373,72.2999353587627
12.7718013277314,7.80498970028027,50.4502174411766,63.6452277408964,67.7738612955182
8.03187855792302,20.7490196079678,57.7251106895255,60.6533839341987,70.0159392789615
12,29.5395180098402,53.316144078722,60.0953614926198,73.4604819901597
12,27.1758659410873,34.4069275286988,61.8681005441845,75.8241340589126
11.6298484459541,8.11713331621981,63.208836372971,52.3259696891908,69.0696121243237
32.2852674143891,1.30319676506432,40.5089646753376,59.0288395513666,84.8339818417846
19.2368963149993,11.2199588006006,51.9915312428006,66.8578622110004,75.9610894941995
30.2340936378557,38.0222088839124,49.4981992794948,57.9591836731856,65.0186074429021
1.73364705886841,2.45600000006358,29.0564705883662,65.5665882352829,42.9007058824539
8.79553407764975,12.4603399433371,53.3921846358871,56.5910681552995,60.3921846358871
1.95567405433223,2.77053824363732,41.4224295950814,42.9113481086645,48.4224295950814
0.118218161045155,7.93603655059361,60.7538549401421,38.7190177040386,28.610508280761
0.0359619830546595,0,66.1728743897428,59,67.8201900847267
0,0,38.2240317613625,39.9970021065602,43.5675741370059
0,0,16.4509803921812,21.0588235293825,22.5098039215638
0,0,13,21,26
