"energetic","enthusiastic","content","positive","accepted"
57,15,40,40,57
59.2023378949914,32.0681186861836,40,48.8093515799657,47.6400639462864
49.6406708361089,43.5305806165454,38.5183483699272,57.9755355067637,40
67.8062482872145,58.5484379281964,44.6671919246959,62.6562528546425,66.7421896409819
61.1522334886276,60.2119416278431,61.8567301543788,73.7462775189541,75.0597081392155
64.4141440846406,36.0697951091505,40.0697951091505,35.1046926637257,62.5518836748366
65.6116059193968,44.9810907097367,46.7263633871708,57.4905453548683,63.7452726774342
56.1850849548006,31.6730611126597,30.0913263908247,50.8365305563299,60.4182652781649
31.8511995141213,21.6960218645431,18.6304281809666,31.4400242939368,32.9936228363006
45.7420674157672,60,68.9511011235979,72.0977977528042,77.7555056179894
65.4300030367868,62.0580018220721,65.8839963558558,65.1979957484984,85.0580018220721
49.6075254769156,48.7697935720219,50.1650770839102,49.9556441076867,76.5131957146812
29.6675874426119,32.4552988166825,34.3037627384413,35.0006905819589,65.6368658777883
51.5718010714956,33.5718010714956,32.6225288010348,36.9492722704608,57.8675864031043
61.6629684592526,51.904647492571,46.8203896073842,53.4467764351645,66.5787105740658
65.4075374532077,62.8401997504411,62.3949750311949,67.2962312733961,72.2962312733961
60.3401515050299,38.4219695653889,61.0678031770662,68.2992424748504,68.3670456519167
60.9889377279599,46.8561904634789,51.6604029445813,65.0553113602004,55.7157143047817
61.6377239508899,55.2904113615688,42.2530027120963,61.8113802455504,43.0643829576467
69.9326767466196,70.9074305266019,49.8905997132568,63.9663383733098,56.8232764598764
64.3767144517652,65.8453215807848,45.3139287098043,62.1255714839217,52.7825358388239
58.7322743122742,60.671251452918,40.6102285935618,60.2440914374247,48.5492057342057
67.2958155753284,59.813492832153,71.2218616814963,69.7524053983819,70.826359292214
58.7680866542766,44.4212270631493,65,58.4638266914468,57
29.1660749795512,35.5846234551988,32.2683331503283,44.0031719308464,57.7380107113645
58.1952079445048,55.7272871451666,50.633702985299,55.2593663458284,61.8850297063578
69.2267805364023,63.8438745922299,60,59.3829059441724,65.6170940558276
57.3915730336971,38.5010299625055,62.6736891385858,60.8694756554343,64.1957865168485
61.9384831460648,55.9308520599151,58.8845973782793,59.3538389513117,66.4692415730324
64.8002031176983,64.8005416471955,64.6007447648938,68.0010155884915,73.6007447648938
56.7315651145402,65.8191917916565,60.549368192669,69.0931815312272,74.7287876874848
37.7822359436257,61.3605261043825,43.2720386544823,59.0611837348607,68.0407891565738
49.6537282941611,57.4780388151198,56.4943820224545,66.0878447395206,65.1593462717066
62.6686539784581,40.8855767025699,57.4216922724112,49.9518459068783,59.1988076129252
20,26.1770703287036,28.7648772367725,26.5297544735449,32.3526841448413
35.0341267822162,35.3937072666603,45.9553853288842,30.8320292044363,31.7532877511043
55.3771600412783,57.189814329941,61.9391971752901,58.4404314845919,55.0024686186037
54.2918987819628,48.2891842130269,37.4513502030062,31.1270182230476,36.5162165989979
35.5064424864108,40.7596637296162,27.7803411203037,32.6433918033572,32.5477972677857
30.5902181096438,34.6503635160729,24.3853271644656,32.2828816918766,45.7105089225021
44.8044296481155,36.3435982799334,33.2625606880266,40.3770934480044,58.6396541360311
56.4804457391339,29.6074351504997,35.9570259398001,40.8261709899667,61.7831969297668
37.2691986256723,31.8075958770169,35.5957841952313,28.9805924411976,35.1729965641807
54.4931406563639,49.9862813127277,40.1296750167274,49.8566062960003,63.0648375083637
42.5801618944502,26.983206475778,33.91603237889,32.8488582820021,59.6809230397821
23.0660403748518,45.1383747494402,40.8207608746542,44.2641614994073,56.1981211245555
45.555126404576,58.0969101123512,53.3304073033854,60,68.4757724719122
61.728071765169,46.7441554911995,44.8962033346456,55.728071765169,62.5921076477535
53.2560312402782,39.5019046021931,39.5019046021931,59.258570709869,55.2560312402782
42.2038403488087,36.0117390575185,36.0117390575185,43.5528257588334,44.2038403488087
57.7103333176596,37.1309999529787,38.7103333176596,44.3450002351067,69.8136664942551
57.2766307216629,34.7233692783371,37.1701078350112,49.7440162884042,55.3608626800896
58.1205219932379,34.8737844509751,35.7532624577371,36.6930014611182,39.3257419256173
43.885254051833,37.6413940538875,57.0942627025916,55.3586059461125,62.8299194590708
29.8664252906495,30.3811247923932,41.952811980983,48.0097996678291,50.5716871885898
58.6452502551946,57.506435137662,56.5989785493504,57.737793666883,59.753217568831
50.6801264045139,61.6227405960145,61,65.6556851490036,79.3113702980073
33.6292134831349,43.8304836345756,61,61.2076209086439,70.4152418172878
33.5111230125919,42.0933414943487,61.3866676867936,60.5155569157248,69.0311138314496
39.7034130488453,46.3394832334939,61.9174354041867,61.2232472055823,70.4464944111646
45.8957030851437,50.58562497267,62.4482031215838,61.930937495445,71.86187499089
52.0879931214422,54.8317667118461,62.9789708389808,62.6386277853077,73.2772555706154
58.2802831577407,59.0779084510222,63.5097385563778,63.3463180751704,74.6926361503407
64.4592696629026,64.3778089887079,64.6123595505369,63.0814606741947,74.1629213483895
65.9884395842119,67.6165715315848,65.3025055578983,60.0231208315763,62.6512527789492
64.2377576158136,60.0302830018589,60.6340203088363,63.5244847683728,60.3170101544181
65.4404638741375,65.948969034975,66.4234535524626,69.3724225874376,71.7958761399002
73.0878009630588,70.8866773675656,70.6855537720724,76.6855537720724,83.6855537720724
80.3257395092768,74.227264388897,70.1287892685172,76.1287892685172,83.1287892685172
84.6771216830041,73.2152522113306,80.7084867320162,83.1389911546775,83.8923738943347
57.2451866359035,50.2915163384665,61.814681189748,70.8795427733362,70.8795427733362
31.381346233833,29.381346233833,39.237307532334,53.0271535582013,60.2101539741328
25.0902580565149,24.4456891422862,31.1279955999001,38.6731246281575,42.3508401710432
49.0739597481249,46.2490543164772,34.9435845053835,54.480564379446,57.0681116636221
62,46.3536204743532,34.0884051185883,62.4176810237177,63.8353620474353
62.4968585186859,49.9246044484612,46.4088970418906,63.4905755560576,64.9874340747435
62.318526260782,48.7112620852483,61.681473739218,66.0222106088271,67.681473739218
55.1419712121521,25.5105837662205,63.2092153138517,67.1631387445932,70.464507196962
39.5843154305272,32.178150529774,63.7648458774812,64.9406164900753,74.3539211423682
31.4472092071525,38.1925351406881,61,64.621116317139,63.3291861892712
28.5625978362573,61.9270996393762,61.1324428056252,67.8675571943748,74.6755719437483
52.2121612690059,65.8686935448343,61.695527649262,67.304472350738,69.0447235073796
35.1858594806362,36.6372325050386,34.6903352137918,39.6903352137918,59.132756771883
39.1478973378573,50.221362301225,49.4064758263271,54.4064758263271,61.9627838127552
56.587719707123,47.3150263416322,46.6807776587138,63.0972539512448,65.2684973658368
61.7694859771747,34.2305140228253,33.3841900380421,32.6147040608674,67.7694859771747
39.2798981030353,34.7100031842801,32.2899968157199,31.2899968157199,67.2899968157199
43.9453668741723,27.292817176981,48.2308147207124,32.764272392327,63.9404539872117
31.7296981408427,31.4593962816855,36.7567672863858,42.027069145543,64.7567672863858
34,36,36,39,64
