"energetic","enthusiastic","content","positive","accepted"
32,40,40,44,55
51.3701680672269,44.8425420168067,44.0354516806723,45.6141806722689,57.4212710084034
45.5727212681638,40.5932628797886,40.3656538969617,40.5932628797886,49.5036988110964
31.8703104359313,33.4883091149273,34.2756935270806,33.4883091149273,38.3387714663144
50,48.7224637681159,40.1101449275362,46.0264492753623,48.9163043478261
45.2322247706422,35.6966743119266,37.8606651376147,29.4644495412844,49.8606651376147
37.6450842696629,30.2718398876404,37.4746488764045,26.898595505618,50
32.4254405286344,28.0363436123348,35.3709251101322,25.407268722467,46.5382158590308
31.2945054945055,28.5494505494505,21.5494505494505,16.5692307692308,45.6659340659341
43.1436403508772,51.1160087719298,54.2292763157895,55.859100877193,72
37.5270467836257,38.7595029239766,49.1743421052632,41.8176169590643,72
43.9172448979592,42.0839795918367,41.9164285714286,43.500612244898,66.1663265306123
63.1540669856459,64.7311004784689,52.3263157894737,60.6344497607655,69.0483253588517
45.8284260515604,47.8435210312076,62.0960990502035,52.3486770691995,46.2779850746269
26.0202170963365,35.85434192673,42.8091587516961,25.7639755766621,17.6082089552239
37.2816265060241,37.4272088353414,40.5090361445783,30.6089357429719,24.363453815261
34.4808988764045,11.847191011236,20.4299625468165,18.923595505618,23.987265917603
42.2427359882006,32.8132743362832,31.1410766961652,34.180494100295,34.180494100295
51.8754424778761,46.412389380531,39.0738938053097,48.3462389380531,48.3462389380531
50.3735930735931,49.1207792207792,44.7471861471861,48.1811688311688,54.8075757575758
54.953781512605,46.2542016806723,43.1617647058824,51.2079831932773,39.577731092437
51.4033582089552,43.4309701492537,39.9171641791045,45.3481343283582,45.6794776119403
46.5163355408389,40.3722958057395,37.1141280353201,39.5434878587196,51.8858719646799
24.4665562913907,31.0435430463576,38.8102649006623,32.758940397351,50.1897350993377
52.2846473029046,49.8807745504841,49.2846473029046,48.2384508990318,50.2384508990318
49.0964730290456,49.3494121715076,46.0964730290456,49.3011756569848,51.3011756569848
44.5525581395349,44.716976744186,40.9406976744186,42.6576744186046,50.7762790697674
47.1357072691552,47.3173379174853,47.2714145383104,48.0438605108055,50
45.3060393258427,46.8001404494382,52.011797752809,48.0825842696629,50
35.0541783707865,37.627422752809,49.8535112359551,32.9745786516854,50
50.5991561181435,49.6793248945148,52.9198312236287,50.5189873417722,54.8997890295359
50.1661627906977,51.3323255813954,54.1661627906977,53.5548837209302,55.4451162790698
46.9661705006766,49.4067658998647,49.7458728010825,48.3391069012179,54.1526387009472
44.3668809201624,49.9266238159675,45.5870094722598,43.6603856562923,50.5136332882273
39.5830769230769,48.8338461538462,55.3542307692308,49.5423076923077,48.1253846153846
35.0224358974359,17.0160256410256,30.9647435897436,23.9615384615385,26.9855769230769
42.6840455840456,22.488603988604,18.9250712250712,10.8273504273504,22.0602564102564
47.1621595330739,27.7876459143969,17.6641050583658,7.35136186770428,22.463326848249
37.9616182572614,19.5002074688797,22.6157676348548,11.8464730290456,27.7309128630705
42.7121034482759,46.1083793103448,56.9102413793103,52.603724137931,76.127
35.8234482758621,41.3393103448276,51.0813793103448,50.4841379310345,60.76
46.24375,46.46875,54.9041666666667,50.1291666666667,50
52.7158203125,48.4484375,54.2673828125,49.6294921875,48.362109375
61.4138698630137,54.5218493150685,58.3264726027397,55.5655479452055,50
53.5198630136986,53.4693150684932,54.642602739726,52.4079452054795,50
44.3980263157895,48.3316885964912,50.1990131578947,38.8623903508772,50
50.6317813765182,48.3682186234818,53.1589068825911,50.7364372469636,56.9495951417004
51,48.411255259467,52.1212131837307,50.411255259467,56.4761921458626
51,48.9500701262272,48.3495091164095,50.9500701262272,50.5492286115007
52.6366751269036,53.2733502538071,55.7266497461929,53.2733502538071,54.4567258883249
52,52,56.0198863636364,53.9602272727273,54.9005681818182
47.0859870317003,49.2699927953891,52.1779899135447,47.9939841498559,52.2699927953891
41.2663082437276,43.5326164874552,47.2663082437276,40.7709677419355,47.7709677419355
39.6307291666667,43.8921875,48.5353125,41.9876041666667,47.5353125
42.5988826815642,36.9986033519553,44.7994413407821,42.9481145251397,33
34.0139664804469,26.2674581005587,40.5069832402235,28.4610684357542,33
37.7163636363636,30.4596363636364,44.9730909090909,32.784,45.784
52.1448795180723,50,50,50.7149598393574,54.2803212851406
50,50,50.2737715803453,50.2737715803453,57.5360557768924
50,50,50.7839641434263,50.7839641434263,52.9443227091633
53.0169172932331,49.0451127819549,52.9436090225564,51.0733082706767,52.1071428571429
50.5602272727273,52.5492768595041,45.4726239669422,54.6040289256198,60.614979338843
44.6143593519882,44.9148748159057,47.2287187039764,46.9282032400589,50
44.0485640648012,40.3885125184094,46.0971281296024,49.7571796759941,50
52,50.8957528957529,60.7583011583012,65.6918918918919,65.2416988416988
50.1690573770492,55.8309426229508,59.2535860655738,58.8309426229508,78.6475409836066
50.5186162624822,53.4069186875892,53.2952211126961,53.8138373751783,65.9973609129815
51.1876506024096,51.3753012048193,48.9382530120482,49.7506024096386,52.6246987951807
51.1460093896714,52.1460093896714,48.7300469483568,48.7300469483568,42.4600938967136
43.7458212209302,45.8147165697674,54.1163880813953,50.1163880813953,49.8836119186047
52.1217296511628,49.7234738372093,54.6747819767442,50.6747819767442,49.3252180232558
54.9862970711297,45.9588912133891,51.6438284518828,53.0137029288703,49
57.3839285714286,49.6303571428571,61.1517857142857,56.6446428571429,44.7392857142857
54.3385183299389,48.9121690427699,48.9560845213849,49.6770366598778,50
57.0770366598778,52.8243380855397,50.9121690427699,55.1540733197556,50
59.8155549898167,56.7365071283096,52.8682535641548,60.6311099796334,50
46.7289473684211,45.7684210526316,54.178947368421,52.7815789473684,49.1526315789474
42.5297586206897,37.1589655172414,46.0066551724138,48.0794827586207,37.3907586206897
51.538,31.86,39.118,45.43,31.032
53.5606459330144,35.9541866028708,45.1212918660287,47.8032296650718,38.4851674641148
53.0536193029491,45.0134048257373,53.0201072386059,49.0134048257373,44.1005361930295
57.1734584450402,46.0433646112601,54.5650469168901,50.0433646112601,51.8252345844504
59.2816753926702,45.8544502617801,55.1408376963351,50.713612565445,58.4272251308901
44.8857276119403,48.8742537313433,52.4685634328358,50.6457089552239,50.8857276119403
40.6293628808864,46.9160664819945,53.286703601108,46.9160664819945,46.5734072022161
36.3725761772853,37.338296398892,47.9657202216066,37.338296398892,35.9314404432133
35.8154804270463,37.4464412811388,40.15871886121,37.4464412811388,37.2619217081851
32.1665399239544,29.3330798479087,43.4373574144487,32,32.3540874524715
37.7293952180028,39.6469760900141,47.8351617440225,30.6469760900141,30.3172995780591
37.189064697609,36.945323488045,43.512517580872,27.945323488045,18.970358649789
43.993,48.987,50.991,50.976,49.965
40.4476495726496,46.5581196581197,53.444764957265,46.5581196581197,47.6714743589744
46.0755395683453,43.4030215827338,47.3576978417266,45.8211510791367,39.7909352517986
59.8947841726619,43.9557913669065,39.6189208633094,49.6905395683453,38.1326258992806
60.2697314049587,50.5724173553719,53.6053719008264,57.3026859504132,54.7961776859504
55.832756232687,54.928324099723,66.8685941828255,55.0119459833795,64.976108033241
48.383379501385,51.7357340720222,61.015512465374,55.5440443213296,63.9119113573407
38.7276785714286,43.9824404761905,51.2005952380952,49.0190476190476,56.2372023809524
46.6550228310502,49.9278538812785,57.9278538812785,46.2187214611872,47.3821917808219
50,53.2582631578947,61.6291315789474,52.2252105263158,53.3378157894737
50,52.4494736842105,61.2247368421053,54.6515789473684,56.9773684210526
57.953786407767,53.3256310679612,61.6628155339806,57.9884466019417,59
66.2870967741935,51.2253456221198,57.4907834101382,56.6744239631336,56.2453917050691
36.939393153527,34.939393153527,38.1541493775934,38.1541493775934,47.6508558091286
46.1053941908714,44.1053941908714,47.7186721991701,47.7186721991701,54.4257261410788
54.9569128787879,53.2585227272727,57,56.8276515151515,61.3016098484849
53.4564049586777,52.4768595041322,55.3692148760331,51.9128099173554,58.2152892561983
48.7711025280899,45.8466643258427,50.5399929775281,48.3088834269663,50
42.8358146067416,44.2279494382022,45.6838483146067,44.5318820224719,50
49.5853260869565,44.9877717391304,51.170652173913,44.3779891304348,47.9633152173913
52.027665317139,50.9585020242915,51,50.972334682861,50
53.0645748987854,49.4031376518219,51,49.9354251012146,50
50.335593220339,45.7694915254237,53.2305084745763,48.6813559322034,50
48.5608208955224,61.7276119402985,54.8332089552239,56.2425373134328,51.8485074626866
62.9558741258741,57.1879020979021,70.651958041958,58.3039160839161,60.6078321678322
58.1201048951049,53.4267482517483,69.040034965035,55.0800699300699,54.1601398601399
40.142654028436,29.6829383886256,49.9127962085308,31.0369668246446,24.1611374407583
31.4374407582938,21.6093601895735,21.1302132701422,21.0885071090047,11.3489336492891
27.2703125,18.4299715909091,18.5798295454545,12.7198863636364,14.4103693181818
39.27578125,17.3385653409091,12.0313920454545,8.35426136363636,28.5986505681818
43,46,64,52,56
