"energetic","enthusiastic","content","positive","accepted"
16,14,11,9,13
38.0825098815172,13.4981247754201,12.5056256737398,11.5093761228997,13.5018752245799
59.4438139880771,12.9382015542308,13.9691007771154,14,13.9382015542308
5.56243489130872,6.56243489130872,8.37460934785234,15.7502604347651,18.0639974998994
9.87601063047691,18.2336028347938,14.4380053152385,21.8468102761277,24.0584007086985
24.9118382542557,22.2431568678015,21.9559191271279,36.3814436457805,25.0607892169504
40.0326246334981,28.2529992003595,30.9713743003145,50,27.8774993336329
53.7092604365104,55.5638906547656,59.2731510912761,50,48.472840291007
63.1196946351205,50.6936895923594,60.5501908530497,56.8230406919905,54.1531552038203
72.5107157864813,39.7374982491051,54.6808026334492,65.8227692953779,59.6312508754474
74.7748845406023,40.9002187651746,55.7751276130185,70.5249453087063,65.1000243072416
52.6194690264783,60.9050683828933,70.2381335478617,64,42.858407079435
30.1142324698461,28.8576753015389,56.5149778920006,54.1441882538473,39.0580480126161
30.6315716369201,23.684283630799,49.7895687200386,41.2107090769974,30.2632821723582
43.585090234231,28.6793725753317,42.8301568561671,44.1511216054644,30.9434980602654
65.0339139310487,54.9660860689513,60.0067827862097,64.9932172137903,33.972868855161
61.4592713634795,44.0214899544356,55.7047482453573,58.1923045271661,28.2918542726959
35.1875668622804,25.6312968035963,39.4162914546139,40.3275454663507,23.0375133724561
35.7735804865557,17.5237728778489,34.4166025362356,30,20
31.6523627888443,18.223175814077,23.1072967436918,23.8841209296148,23.8841209296148
16.1869246791695,19.2542050213887,22.542050213887,20,22.542050213887
8.67919774236395,19.7547201505091,27.5472015050907,20,27.5472015050907
13.4467998368858,11.5532001631142,30.8446799836886,25.91275988582,21.5532001631142
5.24070549115495,14.8796472544225,20.2647760402704,20.1684938438085,24.8796472544225
17.8240045078212,20.1296018031285,27.6944027046927,25.1296018031285,25
28.4709154482071,24.4903051494024,33.063159567729,29.4903051494024,24.4903051494024
17.9930462009231,14.0139075981538,18.3944369607385,19.0139075981538,22.9930462009231
14.6167270925833,14.6167270925833,19.6167270925833,15.3832729074167,15
12.100513432564,12.100513432564,17.100513432564,17.899486567436,15
11.2156333343916,10,13.7843666656084,18.7843666656084,15
18.6763311204363,14.4115973445236,13.6763311204363,21.6173960167854,13.5294675518255
19.5570753184989,20.9071541135835,21.4642294320824,17.2785376592495,20.9284588641648
22.7831029629256,20.3694828395124,24.152585802438,18.8915514814628,26.305171604876
20.6886024423203,20.431139755768,21.2574626865523,17.8443012211602,23.5329036634805
13.0446659517046,16.9888335120739,16.9330010724432,19.9665005362216,25.9106680965909
15.9305533298275,15.3888876170443,12.3750028616504,17.4583342872168,18.3055561914779
12.3493051898887,13.3424601085078,16.9794647558574,18.9931549186191,19.3287699457461
16.2287311618235,13.868619348547,17.5085075352706,20,20
15.1077656824683,10,15,15,25.1616485237025
23.9914592877238,11.0085407122762,15,13.9914592877238,36.9743778631714
21.4191740141384,13.5808259858616,15,11.4191740141384,29.2575220424153
23.2341167355577,11.7658832644423,15,10,34.7023502066731
16.4112718089679,15.7177456382064,20.7419651056513,16.4112718089679,66.4597107438578
20.8689747598848,14.4206834934101,15.8689747598848,20,50.4412776412674
22.3664619164692,13.4223587223538,17.3664619164692,20,33.9689189188384
12.3854532788997,10.5504892182076,16.3669928121384,15.917482030346,29.4495107817924
15.8048822834712,10,12.1951177165288,12.1951177165288,35.6097645669424
15.2281705535161,19.5493023722117,16.5915503953686,16.5915503953686,28.4084496046314
18.7175918180718,34.5039649345936,19.0839941557656,19.0839941557656,25.9160058442344
16.995092975193,24.9631973139476,22.9803719007721,22.9803719007721,59.9386621899127
15,12.4360740269691,17.4360740269691,15,44.7442961078763
20.3747506412281,16.791583547076,21.791583547076,20.3747506412281,55
28.3355300655139,19.4451766885046,24.4451766885046,28.3355300655139,55
52.1727901544908,32.7636543298545,21.1181728350727,25,60
41.81655779723,29.94604641095,21.04316287124,25,55.05395358905
7.26066531232615,10,14.9042661249305,44.725114271239,46.2322244794564
14.999076596352,10,17.9996306385408,26.6688212751787,33.3348723394134
17.3548700104036,12.6451299895964,20,15,30.2902599791927
20.289256198348,24.4214876033041,15,14.710743801652,34.7685950413216
25,16.249536623138,16.249536623138,12.4990732462761,30.7500926753724
25,18.6860812490408,18.6860812490408,17.3721624980816,30.2627837501918
36.0513040678842,23.6837680226281,26.6307824407305,20,37.3675360452561
22.5258858172677,18.1937874038557,18.4948228365465,23.4948228365465,39.0310629807213
33.1731590676955,14.2625708050886,13.6871459745568,18.6871459745568,49.4971677964546
19.6845575261763,14.7813631720701,11.0931841396493,16.0931841396493,28.7454731171944
10.594251094808,15,14.25718613149,15,24.25718613149
12.5021043771211,15,12.9983164983031,17.5021043771211,24.9957912457578
16.7835680380525,16.7835680380525,12.426854430442,18.2164319619475,21.7835680380525
19.303214458863,19.303214458863,14.4425715670904,15.696785541137,24.303214458863
34.5234459217476,24.8411486405825,24.6822972811651,24.6822972811651,29.8411486405825
23.1424542712563,16.8575457287437,21.8575457287437,21.8575457287437,30
27.0040753136215,18.6073355645188,17.9959246863785,20,25.9918493727569
29.5480158459002,23.1864285226203,15.4519841540998,20,20.9039683081996
40.8354055437542,15,22.6658377824983,18.8329188912492,31.1670811087508
35.6860870157392,10.9476811692899,19.0523188307101,15,39.0523188307101
27.8631942094238,14.2736115811523,17.8631942094238,17.1368057905762,33.5895826282715
25.423430898388,19.1531382032241,15.423430898388,19.576569101612,26.2702926951639
50.0117410266678,15,20,15.6004696410667,36.0046964106671
40.438234014783,15,20,10.4681383210142,30
33.4030983279108,15,17.6259682274721,12.3740317725279,29.5251936454944
25.3402297814037,15,15.1063218066886,14.8936781933114,29.0212643613377
25,17.8715351422628,15.5743070284526,19.4256929715474,34.2569297154744
24.7983051222117,14.7983051222117,19.7983051222117,15.9596610244423,29.7983051222117
22.3291863702676,12.3291863702676,17.3291863702676,15.4658372740535,27.3291863702676
21.4081088093364,10.4693696031121,15.4693696031121,15.9387392062243,25.4693696031121
25.3099971282436,11.7699990427479,16.7699990427479,18.5399980854957,26.7699990427479
29.229698167439,15.3851509162805,20,15.3851509162805,30.3851509162805
24.2109459216936,17.8945270391532,20,17.8945270391532,32.8945270391532
22.4669935873105,20,18.7665032063447,21.2334967936553,32.5330064126895
17.2510377322387,15.7503459107462,19.2496540892538,20.7503459107462,25
25,26.025418431819,16.5381276477285,16.9482950204561,37.050836863638
25,31.1988101025589,24.2982151538384,26.777739194862,47.3976202051179
27.1115346252918,45.5576731264591,34.2230692505836,44.9799800515175,61.3346038758755
30,36.7435403260475,30.697416130419,33.0225067782151,23.487080652095
39.2128010244531,33.9359948777343,32.3615969266406,38.4256020489063,46.0640051222657
36.5630150467856,47.1849247660721,40.3109548596433,33.1260300935711,32.8150752339279
28.8665640579383,36.599692173815,38.8665640579383,26.9332820289692,31.1334359420617
37.5048424586033,31.2475787706984,36.2572636879049,33.7524212293016,40.7504842458603
30,34.069032571709,27.7929022848731,31.8619348565821,44.6548371414552
30,32.1290106951815,33.6129679144556,35.7419786096371,54.3549465240926
30,30.1889888186749,39.4330335439754,39.6220223626503,64.0550559066257
29.3398085263067,26.6990426315333,36.6990426315333,32.0777023156799,48.4952131576664
32.0684703167358,27.7895184697598,36.3947592348799,29.9526629288319,34.4209630604804
37.7993332478436,32.999393861676,38.999696930838,33.5995757031732,24.0012122766479
40,39.740358126743,30.5192837465141,30.259641873257,57.9228650139438
30.4262925236724,27.6065731309181,27.3934268690819,22.6065731309181,35
25.1804869931816,25,31.7268289977272,21.7268289977272,33.2731710022728
32.6176715292387,25,34.2058905097462,24.2058905097462,30.7941094902538
24.7275610224991,29.1826830674974,25.2724389775009,25.2724389775009,40
16.9553879483039,18.0446120516961,26.9553879483039,23.9107758966079,40
20.8073360955108,20,25,25.8073360955108,40
28.2345512152997,20,25,33.2345512152997,40
39.7887970616298,35,35.319253137442,33.4037343127901,46.3850627488397
54.914666932175,39.0955557768125,35.1808888446375,30,47.7133326695626
48.6495446351027,35.4059653969392,37.2970173015304,32.2970173015304,51.8910519045912
40.2783227589133,30.1739517243208,39.9130241378396,34.9130241378396,59.7390724135188
30,34.8600028498077,28.9160017098846,28.9160017098846,46.0839982901154
22.167992294731,16.5191076865471,24.3511153918161,20,41.9466538245517
27.8239200259689,17.9496914359911,27.4371142949889,22.4371142949889,37.5628857050111
35.3328121510098,21.6640607550491,31.6640607550491,25.6656243020196,34.0015635469705
52.7111389152557,37.3733166508466,57.5422277830511,40.0844555661023,25.0844555661023
25,35,25,30,35
