"energetic","enthusiastic","content","positive","accepted"
70,56,66,41,52
50.9615797253254,16.1923159450651,45,57.3461400915582,64.4615439633767
43.1981928285674,14.6396385657135,45,59.9339357238109,63.4264257104757
59.4380537098076,22.8354789590035,58.2532184385052,53.0480689368969,55.0480689368969
27.7158385094007,23.3121118013064,52.8439440993468,41.1009316770236,23.4860248446465
30.8286922848521,32.2516401933537,39.5401662391029,43.5704913180836,13.1409826361672
14.2303423441686,28.5036256906187,29.3669840173936,45.712213891075,17.42442778215
30.198097826087,38.1067934782609,29.1016304347826,44.7157608695652,28.9595108695652
20.0098455598548,29.9852316602179,25.0032818532849,18.021332046352,20.021332046352
23.1529681467043,25.2705477799435,26.0509893822348,24.8314309845261,26.8314309845261
25.3095363145365,20.3862545018103,26.3862545018103,29.8492271908942,31.0053271308833
17.979985744287,13.8710984393662,19.8710984393662,17.6333095738116,9.83106992794018
19.517169349901,18.643774200132,18.21887100066,20.746790299538,41.873395149769
17.858174546571,20.8557672712387,29.2788363561934,13.0048145506646,38.0024072753323
33.3905109489051,24.7317518248175,28.8535583941606,28.1222627737226,32.5853102189781
17,14,17.5190778460043,29.9740862163715,10.4305245536069
26.9579707067753,19.9125451071478,20.6888134154133,16.9579707067753,13.8216939078929
45.3901507110747,30.8566519847006,20.1128077902789,35.3901507110747,9.78965453195241
25.0248357963592,20,25.2637520525952,17.5771756979089,28.0946223317587
22.4553571429253,16.6865079364777,14.8353174600601,7.32043650770187,17.2083333330154
25.4092962891706,16.939530859447,10.4092962891706,13.2743703133646,15.6371851566823
26.9745121130552,17.9830080753701,11.9745121130552,25.7960969044415,21.8980484522207
21.8693977591259,44.1968662463372,31.1091561624038,36.0214460784703,26.8693977591259
6.06908569561595,56.2678921112037,30.980615908281,50.941847724843,50.8618286087681
10.6237411413585,44.628217083195,22.3773778441006,25.1321335323019,41.752517717283
13.5768158529211,35.1536317058421,18.9622890295526,30.1214963835,41.3477622061842
16.8605350743485,32.6826676907932,13.9903993855241,34.3365335381586,14.3845366105384
26.4867921271048,34.3376455209642,9.42982932122812,30.8420481452626,40.5701706787719
15.2427486187845,17.7392955801105,10.5006906077348,17.9917127071823,39.4993093922652
0.509092398375181,4.30545543902511,5.30545543902511,4.40727391870015,3.88364187398818
8.84637473072838,10.605796841341,56.4347631005786,15.0579684134105,51.2985463027978
19.3717833490877,26.9721972563567,55.6937795648617,13.6759342478811,49.8091296121248
28.6138126774024,46.9965941343718,17.6987701040125,7.00113528854273,39.5402081362196
55.3502804012338,54.3463695394106,24.6731847697053,30.6614521842358,14.9960891381768
23.5642097265162,16.9403495441937,22.8119300911613,10.0155775077292,33.4357902734838
13.9932692307692,11.7615384615385,12.4038461538462,6.35096153846154,37.1788461538462
9.71136675832363,9.97939560443927,3.74227335166473,7.71136675832363,39.0103021977804
14.4765625000481,30.9107142856044,31.1618303569575,31.1149553570536,27.6127232143475
45.3046233219597,43.7549589260542,41.9668904027297,43.7549589260542,34.7284862753107
58.8969019234821,52.4540172310286,38.7047435383643,52.4540172310286,24.3983545381536
64.4577380952239,57.771130952388,46.6391369048506,57,35.9648809525371
62.2847181605463,60.4235908027315,62,58.0439665886698,62.8101878929691
63.4750511770727,66.3752558853634,62,62.4085209825998,62.0166325486182
64.665384193599,72.3269209679952,62,66.7730753765298,61.2230772042673
18.4893014471962,62.7477973567757,62.4993706733645,59.7490560100467,62.757866582944
42.3152685492846,65.4729028239269,58.9458056478537,63.6847314507154,42.3152685492846
50.8340573853448,62.5460951707376,58.981561931705,63.5092190341475,45.9262477268199
58.7308007753468,59.9423091261521,59.8846182523043,62.7692365046085,50.6922904861745
40.9263346257605,59.1330152102618,58.2660304205237,59.5320608410474,60.4038174768579
36.7906416223404,61.774102393617,41.8870511968085,45.5812832446809,43.1129488031915
40.3991023936276,60.7431136018207,41.3715568009103,52.7982047872552,43.6284431990897
43,51.1533739699194,57.1320827607352,60.0815590659013,42.438830700574
32.1919795221707,39.9165041442753,48.4674549000662,54.9132130668432,40.6811311555261
38.2094849896489,59,44.7707298136794,40.6560947205191,34.9921454450992
38.7712991718451,59,54.8833850932121,55.8250776398182,10.8341356106599
39,43.0253637566096,41.8985449735618,38.1014550264382,41.9239087301713
18.15859030837,39.0638766519824,39.6453744493392,29.3854625550661,64.7775330396476
17.3285240423635,36.9912834198004,40.6017433160399,26.9651336792017,68.0784492217962
39.5264614923207,39.6983489624781,40.0603302075044,37.7933958499125,43.7148593376968
35.6834415584371,42.3165584415629,29.4675324674966,39.0251623376556,40.9748376623444
10.9912474849079,14.9912474849079,20.0175050301843,19.9562374245393,41.9868712273618
9.89927062373766,13.8992706237377,22.2014587525247,14.4963531186883,40.3489059356065
17.5180655918542,25.2447192882904,27.9928432461816,23.5756670370176,36.604294052291
37.1347087378641,41.6061893203884,40.932645631068,31.0439927184466,38.6969053398058
35.0584689571776,41.1838456901764,39.7353827607056,57.8746232670012,33.919228450882
26.3349407273841,41.7290662045385,41.916264818154,48.6058745228456,36.6453310226925
25.7648234969554,38.2351765030446,26.4347766133963,39.4822118036535,41.0118587975643
41.1195574843551,48.4637165623674,40.8659291405918,40.5072566875265,39.2391149687102
43.3095718125983,55.4277073732307,43.3808563748034,39.5478590629915,42.0712845622051
43.8306091589847,46.0490351382763,42.3387816820307,42.1530457949232,40.5081725230461
60.0289699570815,36.6856223175966,42.1142703862661,40.1432403433476,38.1142703862661
39.3957284455782,40.4028477029478,38.2085431088435,36.3672514160999,41.3957284455782
40,40.4735852789846,36.5264147210154,41.9471705579692,41.0528294420308
39.9228069537445,41.0308772185022,36,43,40
35.9752327611231,42.6099068955508,36,43,40
42.3473141299931,39.7552427987474,39.1631714675017,44.3053717400138,40.9184142662491
38.122226547307,38.1708349552401,40.2194433631732,52.7555469053859,40.3902783184134
37.37529342723,48.8764671361502,41.950117370892,58.049882629108,40.950117370892
60.9174291616301,57.0407319951649,42.7533943329304,59.4106404957693,40.8766971664652
39.7322297834223,41.613761672904,41.4881531889482,32.9454723823551,30.9691660044588
41.3496920325826,54.014305583133,42.566461355055,15.1533876415917,11.0204649314816
40.7302622661871,39.9700291406875,39.7602331254997,40.0299708593125,43
34.1100230414456,39.2344470046051,33.8755760368405,40.7655529953949,43
35.8667381300817,40.9333690650408,36.2534119430899,37.1332618699183,49.960128634147
41.5424597364568,43.7712298682284,42.4967057101025,31.4575402635432,60.1764275256223
40.331531464365,40.66306292873,40.66306292873,40.331531464365,16.3045034298402
41.9501192961456,43.9002385922912,43.9002385922912,41.9501192961456,42.2019087383294
29.4218002703455,36.3437045123842,30.8749220212301,41.4531217508846,41.3593652526538
25.0738636364088,33.470779220805,25.784632034675,38.9753787878637,39.4215367965325
40,42,39.1030989750084,38.4845051249581,39.7938020499832
32.167282989521,37.808364149476,25.6167282989521,25.5087339431887,34.4669131958084
21.6045640326975,37.2802282016349,24.5604564032698,18.6429666212534,30.241825613079
26.4405737705569,32.525468384047,28.474531615953,26.9320843092079,36.2033079625805
41.5240635888848,39.8192508711078,37.1807491288922,28.5422473866765,44.9700566200221
38.2935176125237,37.8805528375711,39.4129647749526,38.4675880626184,56.9555772994316
38.8245474559695,39.4736423679084,38.3509050880611,41.1227372798473,44.2108610567328
37.9184523809453,41.0815476190547,39.6223214285821,43.0815476190547,39.4592261904726
41.1391884723906,40.3443246110438,37.6886492220875,39.8608115276094,39.8278376944781
41.5043890449438,40.9912219101124,38.4868328651685,38.0087780898876,39.0087780898876
41,41.5820251177228,40,37.7314560439852,38.5224686028465
40.4132025761194,42.1075819671643,33.5452283373133,42.2396077283582,41.2396077283582
40.0570256384669,39.9429743615331,40.0570256384669,42.517333399861,45.6008205307318
40.598438747008,39.401561252992,40.598438747008,28.4405925777926,41.8109287709442
39.7324819167958,39,41.4225060277347,26.4501205546946,37.3099758890611
48.671732522748,40.0671732522748,41.4664133738626,39.6007598784122,39.8022796352366
59.9528985507246,48.3233695652174,40.7558876811594,40.5117753623188,48.3940217391304
64.4474120082947,65.1777950311053,40.1940734989632,39.3881469979263,58.5066770186632
40.3296970540911,60.1394872151924,60.7337062255418,59.7337062255418,55.0887645914861
40.2937317784141,50.5280612244492,41,58.2937317784141,52.5280612244492
41.8911102484447,63.3266692546658,40.2607401656298,53.2377717391132,53.8681418219281
40.205667701856,68.3829968944322,39.1371118012373,41.4396739129917,41.5082298136103
40,40,39.2490079365194,26.106646825609,40
40,40,18,39,39
