"energetic","enthusiastic","content","positive","accepted"
55,30,24,32,44
18.6164627205328,28.0046717889755,28.9246940807992,30.3082313602664,41.6917686397336
15.5596186681889,14.758347562152,24.3394280022834,28.7798093340945,43.2201906659055
30.9280888031911,33.3921332047866,36.3888754827124,25.4607866795213,36.382360038564
16.6237039170278,16.9484447004334,21.195852534489,23.3247407834056,39.5463709676778
17.8627295197684,21.3053243543188,27.1148103308992,22.7787025827248,49.3053243543188
14.0697387005818,21.8471801856312,18.4451170299013,20.6112792574753,49.8471801856312
23.2628348214286,22.83984375,26.16015625,31.5544084821429,46.6858258928571
26.588835534228,25.466986794632,16.383253301342,29.149759904026,44.355342136912
24.6594030969071,24.4043581418558,21.2130744255673,29.1275224775257,38.9782092907212
22.6444235591163,26.6151315791565,26.6004855891766,27.4393796993975,31.4979636593172
61.9411094225214,55.8233282675642,67,61.7353723403917,60.9411094225214
13.0992010011559,35.1151809780371,49.5039949942203,37.7103869849727,32.4047939930643
13.6162278590659,25.2916706777487,46.9188607046707,30.9890378321438,29.3026328456048
32.2957677165354,37.4635826771653,36.4360236220472,38.4566929133858,39.4566929133858
24.2398680121484,21.3046972046209,6.11020962720332,24.2204192544066,33.1685559004286
35.4420877521504,49.4786857974986,30.640257849883,40.9817009773259,48.280515699766
22.5984482220456,25.4666640673026,18.3550374297827,46.5658920773715,23.7100748595655
30.7275453090964,23.8825293176506,17.0375133262048,37.6949626866265,38.03258262247
33.7799462705587,26.1866308470391,34.5264696587152,38.3732616940783,45.2298119469554
30.9500584681883,23.7891736504001,42.9500584681883,42.1608848177883,53.5630968622589
18.912431787176,14.8917974079127,30.912431787176,39.0206343792633,42.5722203274216
25.9326756913335,31.4141705070772,26.1582661291284,23.9023617511795,30.3535426267693
43.8839653144975,50,47.2491549088468,40.4027410346458,23.1740520282537
27.0678426050913,34.6739678231692,34.6739678231692,26.4201395618705,19.5492343477403
5.2053934871746,16.9757947277128,16.9757947277128,6.11929395237642,19.0286998449327
43.2942979767599,27.2745248313967,29.3528510116201,24.4608369098883,22.0684396075418
25.3866223189209,22.1821630918946,22.5910815459473,21.7273876972982,61.887254654061
20.496104815864,15.6614730878187,19.3307365439093,19.5538243626062,45.0421388101983
18.2919361642496,14.8758084927488,21.306453880832,20.153226940416,35.153226940416
8.14033533263449,2.66664394769656,16.9648991276138,2.9297982552276,35.263154307531
32.2418004848545,27.3891550523479,38.5646398273699,23.9470913498677,48.7682548099206
59.0921072563968,55.4599303135058,62.5671867898093,48.3564611421789,63.4138766853074
49.8850446427862,43.0325520832506,34.9340773808294,42.508035714229,59.4425223213931
44.4033460475287,33.1221393894802,30.8655513174904,30.7372572814955,45.2952496529783
17.348902027027,46.0686655405405,38.6043918918919,36.0467060810811,55.1840371621622
17.8673262548286,37.2554536679145,36.5306949806858,37.6019787644857,39.1128861003148
25.4070252352291,28.1627459367116,54.802448674043,47.1163387510512,46.9651946107547
25.1787260358296,55.7446660484586,68.2723407544787,59.8212739641704,61.8212739641704
26.5195963158802,51.7218670390543,56.5613119733895,46.6017661180243,51.6814128944195
30.7295708406882,32.2507348618172,42.8788947677634,28.1831275719892,36.9465020575914
36.0820288756046,32.6377279634171,33.2850303951223,39.7197568390217,35.3574848024389
21.0883838383838,25.6022727272727,27.7790404040404,22.8232323232323,33.469696969697
22.1955524634145,20.6200139146347,25.0111188414637,20.608895073171,26.8266852195129
18.165259089634,17,20.4775264815481,17.9489693673117,23.2612367592259
0.48273332373811,17,11.251860864559,14.1049420268996,27.8740695677205
26.8489275148047,10.8355610735435,41.1778053677176,16.6443892645648,26.1778053677176
22.8763868343136,10.2680552620448,38.340276310224,22.3194473795519,23.340276310224
19.4836811129074,24.4050294273801,31.6928838951757,28.7907972177316,15.9347244516294
23.03075,20.1575,35.42125,21.4315,27.726
11.0370389996014,12.3925922000797,36.5703688003189,22.1259272997209,23.5185194998007
16.7289370495889,11.2542125900822,32.0168503603289,26.1102559347122,26.3644685247944
38.3768136160138,53.5050223212689,53.2519531249379,60.8751395089241,62.3756975446207
34.195001463649,24.6163641685997,35.7672716628007,33.8363583140034,35.106813524753
28.1821122885487,28.988052781746,35.988052781746,22.1343234155329,14.4627063378685
15.5949791115293,32.8189194008389,39.8189194008389,24.8706567148849,3.51737314046024
49.0870535714286,52.7098214285714,36.3794642857143,22.1339285714286,24.6674107142857
60.0472443003606,43.7086645054084,28.7874006483775,39.9763778498197,63.4330683956733
61.1706233005631,60.5593495084461,23.7321951474662,39.4146883497185,49.9525203932431
65.6000640296366,65.3998648263227,32.000213432122,42.2000569152325,49.2001636312936
76.8996383363185,26.4683544305139,28.3679927668323,44.0501808318408,40.3847197107793
65.7985205492978,45.8207123098312,22.2088767042134,25.0591780280891,47.3363836198042
65.2679065402118,53.2493084370348,25.3925607587292,46.283738391528,24.5199812291074
59.9446292775665,57.7221958174905,38.5551330798479,39.6673003802281,33.9436787072243
43.6709183673773,44.681122449083,34.3392857143283,21.0204081634113,30.6760204082302
37.3940083913498,46.3940083913498,32.2193000409528,34.174708350397,36.0222958452779
18.7069688906528,27.7069688906528,19.0284486286961,28.6785202619567,32.1749641833697
38.3440793326318,45.3978337238395,39.7096750585759,31.4193501171519,30.1290251757278
32.4037235584108,23.5469066937402,37.7276876267829,22.779339321938,24.7675673718022
47.1888039697982,42.6118788031608,43.1748225151888,24.3356635757682,42.2762152273926
61.9738843813387,61.6768509127789,48.6219574036511,25.8919878296146,59.7848630831643
61,64.9379152823788,45.9379152823788,51.7793812292953,74
15.3705543413392,35.7781641168123,58.6665010927947,47.3700576197233,60.8147228293304
20.7062139876971,46.9830493741639,53.8644074110726,38.2994362209149,58.1468930061515
22.2255291005712,41.8193709584748,37.9772927691416,24.5262345679993,44.5938418579036
29.6312817617524,18.5195511010953,61.2653514964621,14.2597755505476,20.7039102202191
31.7051123479744,25.6218820861408,19.0642135641792,29.3591012162048,30.7051123479744
30.5979437229437,31.7113095238095,26.8143939393939,38.2164502164502,29.5979437229437
27.4428053829981,28.6070134574952,31.6392986542505,35.9677148032448,42.42527173926
12.7518988363883,34.8345992242589,39.7694327730758,31.7042663218928,35.9649321266249
27.5168970813781,41.1075268816777,46.8993855606591,31.235023041438,50.1075268816777
15.6572460637832,26.6696908602578,41.2273785522441,18.8597350230781,35.6696908602578
16.2368303571641,16.9619791666832,30.9005952380763,26.9619791666832,28.6871279762023
19.9707360130752,23.6715439978208,24.6715439978208,36.357719989104,28.9707360130752
20.9101398601399,22.3370629370629,25.4157342657343,36.3370629370629,29.9101398601399
24.6659965035132,20.1908591408496,25.9522852147876,34.1908591408496,33.6659965035132
27.1504329004673,31.7326066790721,20.9247835497663,22.6713048855808,30.1030457637183
70.3065950483071,27.1404026749916,6.22922595333557,3.51575839500503,31.7707740466644
46.3613166382799,19.4982925441319,8.26712198823149,8.10102447352086,29.7328780117685
28.6706810631493,17.006021594724,12.4036129568344,14.6706810631493,26.6646594684253
66.0154119736921,29.8759632483558,19.9379816241779,8.86825726150972,57.7053200945815
64.9772884882108,7.44408807212205,13.0859049930652,3.76499653259362,20.6045423023578
38.3729938576192,12.2328611056285,20.003021597019,9.61794135132378,25.9254012284762
20.7326250000079,14.3521785714308,20.7608928571542,12.6760892857154,27.0565357142925
18.5927555857111,13.6481888964278,16.5927555857111,14.3766926202352,25.8088185511871
31.8336510617561,21.6030284748743,21.8714527027242,18.8714527027242,36
38.573166023176,31.4530888031034,14.6135135135028,11.6135135135028,36
25.9358281160256,33.0320859419872,18.3876992030448,33.4518710870192,28.6452760386752
55.0846456692913,27.318405511811,32.5920275590551,65.5374015748031,27.2288385826772
46.4366367402327,22.4000715272038,24.3091949486601,50.6549551103491,26.2545259471262
24.1816298342871,16.5713792423133,15.8310970797284,17.2724447514306,27.8441692975509
29.917743161215,13.7616451367757,22.2547112463552,15.2903875380374,17.2492591186449
66.2754896314127,13.3449020737175,69.4134504608997,29.0689804147435,49.2067252304498
40.4936395928958,18.5012720814208,45.6941484254641,30.1002544162842,37.3470742127321
19.5532879818053,23.3883219954513,26.164965986354,28.087585034115,28.164965986354
23.74296875,9.953125,19.71484375,14.4953125,22.4671875
39.0355222735097,28.0074884793835,34.4757104455656,30.7327188940971,32.2467357911602
58.0109639016616,55.2331221197754,56.3387192780014,50.533179723473,47.9221006144161
32.7529154516402,40.0252186586743,50.5469387753805,36.2975218657085,40.5240524780183
44.4933035713281,30.2388392857099,45.6272321428091,51.8794642858628,42.4776785714198
51.0745798318994,29.667631686817,49.7364213978144,26.5329473252732,41.0687897109974
28.5078781513607,26.9155948965074,40.9299036688237,27.633762041397,35.0143087723163
48,30,15,27,27
