"energetic","enthusiastic","content","positive","accepted"
39,41,37,50,50
38.2014678775368,39.4029357550737,36.4029357550737,50,43.6117430202946
38.6867553837156,40.3735107674312,37.3735107674312,50,47.4940430697248
44.8721141104018,32.9925716676339,44.4059426658929,50,42.526400223125
27.6864406779408,9.60169491519531,47.9406779661775,35.5423728813728,15.4618644066155
31.1765017871467,23.1396863830333,30.6323763403601,36.1028709789198,50
27.1938429609286,25.6288481494196,27.6453822206964,45.0638533379107,50
36.5839617710982,34.96397371763,26.7239976106936,35.5200477861273,50
34.4668648084005,19.8674592336019,27.4668648084005,36.4668648084005,50
35.7214720096193,26.2785279903807,29,32.429440192387,45.8220801442902
35.2222813143086,26.7777186856914,29,22.4456262861723,38.3342197146292
31.6861293670109,18.7153234175273,27.3430646835055,33.7408855066981,28.3722587340219
31.9231475249094,24.9231475249094,33.5385792081824,27.5770054457277,19.7307103959088
25.0019624018974,23.452939852993,27.5450977451096,21.6372556372261,21.3647067646713
19.0654217289026,28.3101094945342,28.6244687765632,18.9388280585921,18.1265936703105
49.4232197401661,31.1178654849599,27.8982152482646,61.7446547285968,17.0339282505785
37.1670484043456,15.584211329995,25,27.6668193617383,18.4167048404346
36.3777239708896,25.6888619854448,20.0332929781672,26.6888619854448,15.3577481839893
26.1282343445928,20.5641171722964,12.3461757584446,21.5641171722964,9.72052888952606
49.4382461310815,49.1573691966223,50.0802505527026,44.2407516581079,11.6050110540528
34.73244023389,63.8578935680258,52,50,40.4933017541748
30.6154915254116,63.3168926552931,51.247887005647,50,40.6408474576473
26.2246101695061,36.4837288136482,50.2721355932236,50,47.9589830508232
48.5933639758051,42.8445489801256,50,50,69.9450229818538
24.8638931689439,41.7632254748433,50,62.1715459680116,62.8875192602476
35.8307775087457,50,50,60.0365325979718,69.2288471885932
47.4468657520082,50,50,51.8084700923275,70.680858219001
44.856931107851,39.2728620222766,46.0258104015213,50,39.9476380744361
28.1745114973565,45.9862355608005,35.9666954550605,50,14.5039943863294
28.5629475691811,37.0522059088342,42.5701086760791,50,31.2067454747882
28.95138364101,28.1181762567709,49.1735218971694,50,47.9094965634284
33.447352921794,50,50,57.2671945552261,54.7206334662714
28.070878274224,15.2788906008547,50,51.7257318951867,51.7257318951867
21.1235620448149,17.224754951984,45.1235620448149,39.5504900960319,40.2471240896298
15.9802940575872,22.7353992240137,39.9802940575872,28.5292015519726,29.9605881151744
14.1434530605512,20.9983314304566,33.8565469394488,16.9991657152283,18.5704751031181
14.7038537258459,12.2737208933845,32.7067276142309,49.3939037360771,18.1368604466923
32.29082844929,19.1130999525017,25.3788214794625,34.2495643908892,21.5565499762508
49.8778031725431,25.9524790115446,18.0509153447737,19.1052250458656,24.9762395057723
38.8873007841371,37.8289484778645,34.7665907749094,47.6458807656816,36.2414200184555
9.15795167687373,10.379084024497,33.0631806707495,50.2843130183727,31.2734222863808
11.7530352205813,16.6072845293951,34.1012140882325,54.9554633970464,19.336037985326
21.1252050297876,27.5418261342792,34.2083105522458,53.0623291418437,9.39584472387709
36.8658350790485,31.8623436805907,42.8832920713371,32.7526185488433,26.0104741953732
50,50,50,50.9435636563117,50
50,50,50,60.3005337956349,50
50.7208933946128,50,47.4768731188551,66.7171709170594,50
19.029603497439,23.4777590307715,45.8777897076909,31.5148017487195,53.2148170871792
10.9909252413103,30.0418687281122,43.050943486802,26.6287511403432,34.5778076535413
33.2770322176958,41.4440629951002,32.1670307774044,24.5556249099818,43.3885941325774
50,50,26.3593095253021,27.3815748327039,50
36.7523934471391,31.2974966312552,45.8061485002563,66.3915679742103,66.3646904476517
5.41697808423275,6.02425440604679,47.4696819924415,29.7206162451398,50
12.7038840803618,16.4341201148026,34.4573498564967,38.5690020975822,50
22.3635996771237,21.2231638418304,28.9669087973852,29.9257465699362,42.0661824052296
10.2541697615488,11.8875008440588,35.8520831926569,24.8937470457943,29.1479168073431
10.6668712525038,9.08795618710965,50,49.4385534205255,36.2457863178979
20.3496411878695,20.2995845333226,50,47.4000755393959,44.3996978424164
37.7577308888014,38.2900034588535,50,47.8709097197915,50
50,50,50,50,50
13.1744899350794,10.4837551688381,24.6233471169016,8.24187758441905,16.9326123506603
25.4367814786046,16.3696551097302,40.3190802926139,11.1848275548651,26.2519539237395
24.1572759199071,25.0529851886245,35.4726675827045,27.5273324172955,43.3692166744052
16.2362288135524,31.9920550848047,47.7558262712523,50,50
19.4827517447752,23.1163509471977,34.5215353938411,44.8103688932868,46.293120638062
23.7875373878199,40.8735917247569,44.7454012960721,29.7436191426305,35.5311565304504
42.1069395587129,38.5909178125783,33.8930604412871,40.7914294851651,45.4358170770999
16.7337179950958,21.2708618826224,31.6068517848617,50,50
11.9652001442427,11.9031734583437,44.9553732419796,50,50
26.5625450775978,24.5542057339181,35.7103881175214,50,50
28.9747118644238,18.7957288136005,44.6400677965641,50,50
9.73480420804572,10.3162989479886,50,50,50
11.9562564065632,15.6647119120595,50,42.4198431429034,50
20.7050823619318,23.898901046524,50,29.0392857993985,50
9.04251180893736,16.7167268686444,50,36.1529591552384,37.8470408447616
15.6730373732216,19.2420395716464,50,49.6390681511687,31.5859868094512
7.63757303589203,9.32751460717841,50,37.8952629292113,39.9127191076761
10.2437466801854,9.84874933603709,50,47.2774880486676,47.7312400405563
33.1250470811055,31.1630885123618,31.7227871938694,50,50
53.9334229781472,23.047282506707,50,50,50.4921195822155
56.4520176985805,19.3654101888055,44.6923281510444,46.0192461132833,43.3654101888055
17.8256244107762,8.92584443534492,36.3406755482759,39.755506661207,32.9258444353449
25.2448126472165,8.91609029413517,27.9649616174456,49.0350383825544,33.2936839705269
6.28275136996929,9.28966484004095,37.4068433797748,40.1655728302354,45.7241621001024
7.56567796610238,11,26.9004237288133,36.4385593220303,40.1038135593194
11.2885667126712,11,25.3048999802838,16.7604330901663,25.7440998225538
8.97331410022492,10.4933285250562,20.8633249188484,29.1366750811516,47.5333573747188
27.6829657471496,20.0209559606209,31.6829657471496,41.0628678818627,43.3799021347131
25.6843191356296,18.2919845115959,32.0383268798316,39.4069651510908,41.7609728952928
20.1781979642336,12.285306870073,29.5355445291971,25.8919404576643,31.2492870226278
21.6947652618442,28.357882105847,33.1052947353824,33.7789110543102,45.5789710515368
28.0099283739114,19.3105098928867,25.9127012268769,50,30.679561733202
29.6591539055828,23.7042304720859,37.2798200571984,50,38.9389739627813
28.1876789203438,31.061605398281,48.5611282773642,50,48.748807197708
30.8461757583611,20.7132887053056,50,50,39.1049708016112
18.124829141598,27.0576134499683,35.1440336249208,6.42249863310099,8.01920448332277
24.5183615819421,30.008474576281,42.5211864407024,28.0621468927271,9.00282485876032
30.9118940222167,32.9593357025616,49.8983392564039,49.7017951521181,9.98644523418719
23.8841807909428,23.0386064030191,37.0560263652808,52.5965160075477,35.9788135592427
21.0831887227456,26,49.0849240497988,50,49.8336225545089
22.6227684408217,26,32.149547150961,50,46.7544631183565
27.5828692492133,29.3072639223507,21.5474878932323,53.7206719126446,49.2365012103887
50,50,50,60.1091900179134,78.2464866706474
50,50,50,50,70.3323853168313
50,50,50,50,59.8921103537407
50,50,52.0176843898663,52.4563114311416,52.8072130641618
38.0338264867242,30.2910083310752,56.8104711290975,70.257181844351,58.7715455330529
14.1818068522024,20.6107133146276,50.1631695821642,50,75.7156258497009
33.2598341338775,36.2644792893354,51.1415299555835,50,62.0185806218316
43.7946050241944,50,51.5996519370448,50,50
43.9530976039925,32.2913500874892,50,50,16.1925774397521
12.1536090207737,12.1536090207737,35.9176219612181,33.2771760789465,24.4756898047079
33.9156996507862,33.9156996507862,44.0151440561065,42.8929835666265,39.152448601693
39.9066676622971,50,60.9344433658449,58.4111102814191,58.4111102814191
26.9374915254275,50,51.625220338885,73.74996610171,11.875525423495
13.746519370388,19.0519067795995,50,50,13.746519370388
34.3539066865604,36.643578878771,50,50,34.3539066865604
50,50,50,56.2644067795365,57.8305084744206
10,16,50,66,50
