"energetic","enthusiastic","content","positive","accepted"
62,78,77,71,68
43.5307522820683,59.6716713881189,64,61.9685237645765,24.8891092226627
57.2909663203868,65.3008498583401,64,68.2231665092667,66.7952156120871
41.3361240310077,52.6052713178295,61.9916279069767,71.2942635658915,34.1674418604651
58.1345127250174,56.0672563625087,53.9911545623697,57.4035381750521,59
58.7512414649268,56.3756207324634,49.3656890130493,59.2537243947803,59
59.3679702048417,56.6839851024209,44.7402234636872,61.1039106145251,59
59.9846989447567,56.9923494723783,40.114757914325,62.95409683427,59
62.925422705305,61.680676328488,56.3823671497081,64.170169082122,64.85084541061
65.6219178082192,65.6219178082192,67.3780821917808,69.9753424657534,70.8657534246575
61.2222222221965,62,60.3333333333179,73.2222222221965,77.5555555555143
59.4370568164943,53.6959204866083,52.4441477525855,60.5106364041368,69.1923750185627
58.0156862745098,42.4588235294118,43.4588235294118,46.4588235294118,61.1058823529412
54.8123833756714,54.8793893129316,54.8927905003836,54.8793893129316,59
42.5321245932014,46,50.5749573841365,49.0642491864027,59.7660622966007
46.2273361227336,46,59.1971176197118,56.4546722454672,61.6136680613668
32.6669056152357,32.7498207885732,42.1110314615881,41.6387893269851,54.2220629231762
39.656341789068,35.2985907135404,37.8056371458382,36.1633882213658,54.4169114375146
34.3503337783712,36.4777036048064,33.0891855807744,24.9618157543391,40.2675567423231
41.6067632851393,38.1379007466226,44.7793588054039,42.8345191040529,49.3033816425697
71.5853658536004,66.8482384822233,49.4010840107561,67.5257452572458,71.4471544714672
65.0301075268817,66.8383512544803,54.065770609319,64.3534050179211,71.4191756272401
60,64.6600091827228,56.7320018365446,60.7320018365446,67.7840220385347
60.7213957759303,60.6393021120349,58.1641873277908,61.0820936638954,61.524885215756
53.7589603283174,52.54382124943,53.3665298677611,52.0119471044232,56.1892384860921
41.0734154126386,41.0664234685778,40.0769113846691,35.0978872168515,41.0873993007603
30.3158308751551,45.8564405112931,49.7128810225862,57.3396263519483,69.1673549655001
41.9913043478261,57.4608695652174,75.0695652173913,55.7130434782609,71
39.5914251207657,46.6614130434459,94.268599033874,45.5135567632544,71
53.467632850184,56.0563607084866,89.3549114332107,54.5741062801472,71
68.1169284467714,68.3376963350785,76.6819371727749,67.1103839441536,70.1169284467714
63.4930773705504,64.8698080279128,64.5443280976948,67.6883653286812,65.4930773705504
77.8273504274014,72.8944919278564,74.8465337132457,70.9232668566228,75.9712250712336
60.8435897435897,62.5155270655271,59.7498575498576,63.3749287749288,73.1405982905983
74.1331030512824,72.3280368451679,72.5895221646946,73.3280368451679,78.9793897524656
82.8416912488178,79.8156342183067,81.2364798427156,76.4729596854311,78.4729596854311
67.7983606557377,66.1540983606557,66.1344262295082,70.0868852459016,73.8655737704918
54.3451473006971,52.962404665732,57.7522356811154,56.4933752055925,65.4070883804183
42.4588006580288,40.4817406909302,38.734081052846,46.3899805593245,58.2752803948173
55.3755775577558,46,49.7729372937294,57.3188118811881,60.9782178217822
54.5168876262269,55.6966540403777,58.8090277777364,51.4045138888682,56.5168876262269
42.5993055555913,46.9152777778041,45.0097222222636,44.5048611111318,44.5993055555913
55.2420985284709,60.2420985284709,57.2420985284709,65.5317978246961,63.8690978886756
64.3903998140469,69.3903998140469,65.8342398884281,75.6096001859531,74.7219200371906
66.6999070199838,71.6999070199838,67.2199442119903,73.3000929800162,74.2600185960032
68.8558758314856,72.5720620842572,71.4235033259423,72.8558758314856,74
70,72.8122910521199,68.6893805309207,75.6245821042398,77.2491642084797
55.5533512064823,56.4131069407759,52.0182901400557,57.2728626750696,65.6935954721886
51.5766803840878,52.9157750342936,49.5259259259259,52.6954732510288,61.6274348422497
69.7099005620149,70.7099005620149,79.741980112403,69.516039775194,74.0320795503881
64.123025768921,67.2085526923421,76.2888149995525,71.4171053846842,75.7486838459473
60.8194513715711,67.5756165142699,71.5169853144915,72.1512330285398,73.5463009143807
57.5158769742212,67.9426803361976,66.7451556294306,72.8853606723953,71.3439179828141
68.0127320954749,69.2236368994972,68.3418213969833,69.130916592961,70.9072796934637
73.2835543766578,69.8092838196286,71.8557029177719,77.3299734748011,78.5206896551724
77.0780246913168,71.0780246913168,72.0780246913168,78.8814814813932,72.4508641975191
61.5123993559201,68.5123993559201,67.7523349436749,63.704347826124,73.5123993559201
47.3416839199448,54.3416839199448,55.8672187715666,51.3621118012422,59.3416839199448
33.1709684839695,40.1709684839695,43.9821025994583,39.0198757763605,45.1709684839695
35.7633569738755,35.156264775463,39.6160756501323,41.843735224537,45.3080378250661
51.4712518195051,47.2409024745269,49.8901018922853,54.4712518195051,56.7278020378457
63.5230470645679,63.6313440078124,62.4239689471506,66.5230470645679,70.2258127123161
67.7646346735119,69.9999135321216,66.3528750539754,70.5882403804634,68.882317336756
72.746218487395,77.9663865546218,72.3731092436975,72.0336134453782,72.1865546218487
68.156328502427,74.2183574878651,69.7655072463595,74.687342995146,71.3908212560674
69.0908690869139,67.7273927392582,66.545434543457,66.9089108911127,73.2726072607418
65.4151815181518,68.6501650165016,64.8250825082508,63.8798679867987,70.9399339933993
58.5448059091417,62.4043690083107,61.7021845041553,68.8765047933515,73.4382523966757
69.9808121373057,73.8654172243523,73.2692547968912,71.67309236943,71.8269522533678
59.5762114537445,66.259813999021,66.0225159079785,61.4971120900636,70.1016152716593
47.9045521291867,51.9944526023393,49.8118779572038,49.1770272474749,54.5394028389156
44.9469370511095,46,45.9204055766642,44,56.7612167299927
47.1424657534247,44.9561643835616,44.5835616438356,43.9561643835616,48.7698630136986
31.8916253194596,35.0209893248885,33.8811306570154,34.0209893248885,43.0104946624442
32.4716239315119,35.1877777777116,34.615726495645,32.7598290597781,42.8558974358669
48.9017857142857,52.0848214285714,47.8735119047619,49.2961309523809,59
35.6255282449229,39.4382923673843,38.0212735374357,37.4170188299486,48.314877102153
32.1980163863837,34.2970245795756,35.1650136553198,35.1320109242558,32.8910737387267
71.7040685224839,67.6640970735189,67.7040685224839,69.0561027837259,68.960028551035
77.4965788676834,76.0670299727358,74.1409022101048,78.7113533151572,71.5704511050524
73.2853466545691,70.6525885558746,71.7344838026109,75.1017257039164,70.3672419013055
79.7533333333333,71.3766666666667,71.5325,73.3116666666667,76.9741666666667
73.0505246913599,65.5748148147265,68.8484259259204,74.3937037036816,66.7073456790381
73.663827160492,36.1362962963846,67.008518518524,67.0340740740962,75.2935802468878
66.901976284585,60.2221343873518,72.3093544137022,68.5206851119895,76.8453227931489
82.2649228705247,71.6189358372364,77.6459870332883,75.0405767940779,74.8162307176312
71.6030851777651,68.5092331768481,70.0938520009169,68.3769282361032,72.1507712944413
59.2271386430678,63.7362831858407,62.4908554572271,63.3772861356932,73.0182890855457
61.3662706731584,66.7029583042106,54.4059166084212,63.5890519450004,68.777218728158
51.183135336625,64.8514791521136,50.7029583042273,54.7945259725398,67.3886093640852
41,63,47,46,66
